position
1,1,6.1
scanner
1.5,6.28319
detections
0.1,1.16674
0.1,0.57064
0.511426,0.1
1.11856,0.1
1.8542,0.1
1.81495,1.38879
1.38579,1.71066
0.1,1.94826
end
position
1,1.1,6.1
scanner
1.5,6.28319
detections
0.1,1.26674
0.1,0.67064
0.45714,0.1
1.13173,0.1
1.94911,0.1
1.73346,1.44991
1.34721,1.73959
0.1,2.04826
end
position
1,1.2,6.1
scanner
1.5,6.28319
detections
0.1,1.36674
0.1,0.77064
0.402854,0.1
1.1449,0.1
2.41659,0.93756
1.65196,1.51103
1.30863,1.76853
0.1,2.14826
end
position
1,1.3,6.1
scanner
1.5,6.28319
detections
0.1,1.46674
0.1,0.87064
0.348569,0.1
1.15807,0.1
2.23951,1.07036
1.57047,1.57215
1.27005,1.79746
0.1,2.24826
end
position
1,1.4,6.1
scanner
1.5,6.28319
detections
0.1,1.56674
0.1,0.97064
0.294283,0.1
1.17125,0.1
2.06244,1.20317
1.48897,1.63327
1.23147,1.8264
0.1,2.34826
end
position
1,1.5,6.1
scanner
1.5,6.28319
detections
0.1,1.66674
0.1,1.07064
1.18442,0.1
1.88537,1.33597
1.40748,1.69439
1.19289,1.85533
0.1,2.44826
end
position
1,1.6,6.1
scanner
1.5,6.28319
detections
0.1,1.76674
0.1,1.17064
1.70829,1.46878
1.32598,1.75551
1.15432,1.88426
0.1,2.54826
end
position
0.9,1.6,6.1
scanner
1.5,6.28319
detections
0.1,1.74821
0.1,1.21835
1.7411,1.44418
1.2871,1.78467
1.08325,1.93756
0.1,2.4429
end
position
0.8,1.6,6.1
scanner
1.5,6.28319
detections
0.1,1.72968
0.1,1.26605
0.1,0.310532
1.7739,1.41957
1.24822,1.81383
1.01218,1.99086
0.1,2.33754
end
position
0.7,1.6,6.1
scanner
1.5,6.28319
detections
0.1,1.71116
0.1,1.31376
0.1,0.494742
1.80671,1.39497
1.20934,1.84299
0.1,2.23217
end
position
0.6,1.6,6.1
scanner
1.5,6.28319
detections
0.1,1.69263
0.1,1.36147
0.1,0.678951
1.83951,1.37036
1.17047,1.87215
0.1,2.12681
end
position
0.5,1.6,6.1
scanner
1.5,6.28319
detections
0.1,1.6741
0.1,1.40917
0.1,0.863161
1.87232,1.34576
1.13159,1.90131
0.1,2.02145
end
position
0.4,1.6,6.1
scanner
1.5,6.28319
detections
0.1,1.65558
0.1,1.45688
0.1,1.04737
1.09271,1.93047
0.1,1.91609
end
position
0.4,1.5,6.1
scanner
1.5,6.28319
detections
0.1,1.55558
0.1,1.35688
0.1,0.947371
0.584419,0.1
1.1742,1.86935
0.1,1.81609
end
position
0.4,1.4,6.1
scanner
1.5,6.28319
detections
0.1,1.45558
0.1,1.25688
0.1,0.847371
0.571246,0.1
1.2557,1.80823
0.1,1.71609
end
position
0.4,1.3,6.1
scanner
1.5,6.28319
detections
0.1,1.35558
0.1,1.15688
0.1,0.747371
0.558074,0.1
1.33719,1.7471
0.1,1.61609
end
position
0.4,1.2,6.1
scanner
1.5,6.28319
detections
0.1,1.25558
0.1,1.05688
0.1,0.647371
0.544901,0.1
1.41869,1.68598
0.1,1.51609
end
position
0.4,1.1,6.1
scanner
1.5,6.28319
detections
0.1,1.15558
0.1,0.95688
0.1,0.547371
0.531728,0.1
1.34911,0.1
1.50018,1.62486
0.1,1.41609
end
position
0.4,1,6.1
scanner
1.5,6.28319
detections
0.1,1.05558
0.1,0.85688
0.1,0.447371
0.518555,0.1
1.2542,0.1
1.58168,1.56374
0.1,1.31609
end
position
0.4,0.9,6.1
scanner
1.5,6.28319
detections
0.1,0.955579
0.1,0.75688
0.1,0.347371
0.505382,0.1
1.15928,0.1
1.66318,1.50262
0.1,1.21609
end
position
0.4,0.8,6.1
scanner
1.5,6.28319
detections
0.1,0.855579
0.1,0.65688
0.1,0.247371
0.49221,0.1
1.06437,0.1
1.74467,1.4415
1.03655,1.97259
0.1,1.11609
end
position
0.4,0.7,6.1
scanner
1.5,6.28319
detections
0.1,0.755579
0.1,0.55688
0.1,0.147371
0.479037,0.1
0.969463,0.1
1.07513,1.94365
0.1,1.01609
end
position
0.4,0.6,6.1
scanner
1.5,6.28319
detections
0.1,0.655579
0.1,0.45688
0.12857,0.1
0.465864,0.1
0.874553,0.1
1.11371,1.91472
0.1,0.916087
end
position
0.4,0.5,6.1
scanner
1.5,6.28319
detections
0.1,0.555579
0.1,0.35688
0.182856,0.1
0.452691,0.1
0.779642,0.1
0.1,0.816087
end
position
0.4,0.4,6.1
scanner
1.5,6.28319
detections
0.1,0.455579
0.1,0.25688
0.237142,0.1
0.439518,0.1
0.684732,0.1
0.1,0.716087
end
position
0.3,0.4,6.1
scanner
1.5,6.28319
detections
0.1,0.437052
0.1,0.304587
0.137142,0.1
0.339518,0.1
0.584732,0.1
0.1,0.610725
end
position
0.4,0.4,6.1
scanner
1.5,6.28319
detections
0.1,0.455579
0.1,0.25688
0.237142,0.1
0.439518,0.1
0.684732,0.1
0.1,0.716087
end
position
0.5,0.4,6.1
scanner
1.5,6.28319
detections
0.1,0.474105
0.1,0.209173
0.337142,0.1
0.539518,0.1
0.784732,0.1
0.1,0.821449
end
position
0.6,0.4,6.1
scanner
1.5,6.28319
detections
0.1,0.492631
0.1,0.161467
0.437142,0.1
0.639518,0.1
0.884732,0.1
0.1,0.926812
end
position
0.7,0.4,6.1
scanner
1.5,6.28319
detections
0.1,0.511157
0.1,0.11376
0.537142,0.1
0.739518,0.1
0.984732,0.1
1.40406,1.69695
0.1,1.03217
end
position
0.8,0.4,6.1
scanner
1.5,6.28319
detections
0.1,0.529684
0.171157,0.1
0.637142,0.1
0.839518,0.1
1.08473,0.1
1.47513,1.64365
0.1,1.13754
end
position
0.9,0.4,6.1
scanner
1.5,6.28319
detections
0.1,0.54821
0.271157,0.1
0.737142,0.1
0.939518,0.1
1.18473,0.1
1.54619,1.59035
0.1,1.2429
end
position
1,0.4,6.1
scanner
1.5,6.28319
detections
0.1,0.566736
0.371157,0.1
0.837142,0.1
1.03952,0.1
1.28473,0.1
2.30392,1.02206
1.61726,1.53705
0.1,1.34826
end
position
1.1,0.4,6.1
scanner
1.5,6.28319
detections
0.1,0.585262
0.471157,0.1
0.937142,0.1
1.13952,0.1
1.38473,0.1
2.3428,0.992899
1.68833,1.48375
0.1,1.45362
end
position
1.2,0.4,6.1
scanner
1.5,6.28319
detections
0.1,0.603788
0.571157,0.1
1.03714,0.1
1.23952,0.1
1.48473,0.1
2.38168,0.96374
1.75939,1.43046
end
position
1.3,0.4,6.1
scanner
1.5,6.28319
detections
0.1,0.622315
0.671157,0.1
1.13714,0.1
1.33952,0.1
1.58473,0.1
2.42056,0.934581
1.83046,1.37716
end
position
1.4,0.4,6.1
scanner
1.5,6.28319
detections
0.1,0.640841
0.771157,0.1
1.23714,0.1
1.43952,0.1
1.68473,0.1
2.45944,0.905422
1.90152,1.32386
1.20998,1.84251
end
position
1.5,0.4,6.1
scanner
1.5,6.28319
detections
0.1,0.659367
0.871157,0.1
1.33714,0.1
1.53952,0.1
1.78473,0.1
2.49832,0.876263
1.97259,1.27056
1.32094,1.75929
end
position
1.6,0.4,6.1
scanner
1.5,6.28319
detections
0.971157,0.1
1.43714,0.1
1.63952,0.1
1.88473,0.1
2.53719,0.847104
2.04366,1.21726
1.43191,1.67607
end
position
1.7,0.4,6.1
scanner
1.5,6.28319
detections
1.07116,0.1
1.53714,0.1
1.73952,0.1
1.98473,0.1
2.57607,0.817945
2.11472,1.16396
1.54287,1.59285
end
position
1.8,0.4,6.1
scanner
1.5,6.28319
detections
1.17116,0.1
1.63714,0.1
1.83952,0.1
2.08473,0.1
2.61495,0.788786
2.18579,1.11066
1.65383,1.50963
end
position
1.9,0.4,6.1
scanner
1.5,6.28319
detections
1.27116,0.1
1.73714,0.1
1.93952,0.1
2.18473,0.1
2.65383,0.759627
2.25685,1.05736
1.76479,1.4264
end
position
2,0.4,6.1
scanner
1.5,6.28319
detections
1.37116,0.1
1.83714,0.1
2.03952,0.1
2.28473,0.1
2.69271,0.730468
2.32792,1.00406
1.87576,1.34318
end
position
2.1,0.4,6.1
scanner
1.5,6.28319
detections
1.47116,0.1
1.93714,0.1
2.13952,0.1
2.38473,0.1
2.73159,0.701309
2.39899,0.950761
1.98672,1.25996
end
position
2.2,0.4,6.1
scanner
1.5,6.28319
detections
1.57116,0.1
2.03714,0.1
2.23952,0.1
2.48473,0.1
2.77047,0.67215
2.47005,0.897461
2.09768,1.17674
end
position
2.3,0.4,6.1
scanner
1.5,6.28319
detections
1.67116,0.1
2.13714,0.1
2.33952,0.1
2.58473,0.1
2.80934,0.642991
2.54112,0.844162
2.20864,1.09352
end
position
2.4,0.4,6.1
scanner
1.5,6.28319
detections
1.77116,0.1
2.23714,0.1
2.43952,0.1
2.68473,0.1
2.84822,0.613832
2.61218,0.790862
2.31961,1.01029
end
position
2.5,0.4,6.1
scanner
1.5,6.28319
detections
1.87116,0.1
2.33714,0.1
2.53952,0.1
2.78473,0.1
2.8871,0.584673
2.68325,0.737563
2.43057,0.927073
end
position
2.6,0.4,6.1
scanner
1.5,6.28319
detections
1.97116,0.1
2.43714,0.1
2.63952,0.1
2.88473,0.1
2.92598,0.555515
2.75432,0.684264
2.54153,0.843851
end
position
2.7,0.4,6.1
scanner
1.5,6.28319
detections
2.07116,0.1
2.53714,0.1
2.73952,0.1
2.98473,0.1
2.96486,0.526356
2.82538,0.630964
2.6525,0.760629
end
position
2.8,0.4,6.1
scanner
1.5,6.28319
detections
2.17116,0.1
2.63714,0.1
2.83952,0.1
3.08473,0.1
2.89645,0.577665
2.76346,0.677407
1.97661,1.26754
end
position
2.9,0.4,6.1
scanner
1.5,6.28319
detections
2.27116,0.1
2.73714,0.1
2.93952,0.1
3.18473,0.1
2.96751,0.524365
2.87442,0.594185
2.32363,1.00728
end
position
3,0.4,6.1
scanner
1.5,6.28319
detections
2.37116,0.1
2.83714,0.1
3.03952,0.1
3.28473,0.1
2.98538,0.510963
2.67064,0.747017
end
position
3.1,0.4,6.1
scanner
1.5,6.28319
detections
2.47116,0.1
2.93714,0.1
3.13952,0.1
3.38473,0.1
3.06223,0.686701
3.00132,0.503969
end
position
3.2,0.4,6.1
scanner
1.5,6.28319
detections
2.57116,0.1
3.03714,0.1
3.23952,0.1
3.48473,0.1
3.13391,0.901726
3.02731,0.581945
end
position
3.3,0.4,6.1
scanner
1.5,6.28319
detections
2.67116,0.1
3.13714,0.1
3.33952,0.1
3.58473,0.1
3.20558,1.11675
3.05331,0.659921
end
position
3.4,0.4,6.1
scanner
1.5,6.28319
detections
2.77116,0.1
3.23714,0.1
3.43952,0.1
3.68473,0.1
3.27726,1.33178
3.0793,0.737898
end
position
3.5,0.4,6.1
scanner
1.5,6.28319
detections
2.87116,0.1
3.33714,0.1
3.53952,0.1
3.78473,0.1
3.34893,1.5468
3.10529,0.815874
end
position
3.6,0.4,6.1
scanner
1.5,6.28319
detections
3.0035,0.510508
2.97116,0.1
3.43714,0.1
3.63952,0.1
3.88473,0.1
3.42061,1.76183
3.13128,0.893851
end
position
3.7,0.4,6.1
scanner
1.5,6.28319
detections
3.00932,0.527957
3.07116,0.1
3.53714,0.1
3.73952,0.1
3.98473,0.1
3.15728,0.971827
end
position
3.8,0.4,6.1
scanner
1.5,6.28319
detections
3.01514,0.545406
3.17116,0.1
3.63714,0.1
3.83952,0.1
4.08473,0.1
3.18327,1.0498
end
position
3.9,0.4,6.1
scanner
1.5,6.28319
detections
3.02095,0.562854
3.27116,0.1
3.73714,0.1
3.93952,0.1
4.18473,0.1
3.20926,1.12778
end
position
4,0.4,6.1
scanner
1.5,6.28319
detections
3.02677,0.580303
3.37116,0.1
3.83714,0.1
4.03952,0.1
4.28473,0.1
3.23525,1.20576
end
position
4.1,0.4,6.1
scanner
1.5,6.28319
detections
3.03258,0.597752
3.47116,0.1
3.93714,0.1
4.13952,0.1
4.38473,0.1
3.26124,1.28373
end
position
4.2,0.4,6.1
scanner
1.5,6.28319
detections
3.0384,0.615201
3.57116,0.1
4.03714,0.1
4.23952,0.1
4.48473,0.1
3.28724,1.36171
end
position
4.3,0.4,6.1
scanner
1.5,6.28319
detections
3.04422,0.632649
3.67116,0.1
4.13714,0.1
4.33952,0.1
4.58473,0.1
3.31323,1.43969
end
position
4.4,0.4,6.1
scanner
1.5,6.28319
detections
3.05003,0.650098
3.77116,0.1
4.23714,0.1
4.43952,0.1
4.68473,0.1
end
position
4.5,0.4,6.1
scanner
1.5,6.28319
detections
3.05585,0.667547
3.87116,0.1
4.33714,0.1
4.53952,0.1
4.78473,0.1
end
position
4.6,0.4,6.1
scanner
1.5,6.28319
detections
3.97116,0.1
4.43714,0.1
4.63952,0.1
4.88473,0.1
5.30371,1.69629
end
position
4.7,0.4,6.1
scanner
1.5,6.28319
detections
4.07116,0.1
4.53714,0.1
4.73952,0.1
4.98473,0.1
5.98633,1.01367
5.36852,1.63148
end
position
4.8,0.4,6.1
scanner
1.5,6.28319
detections
4.17116,0.1
4.63714,0.1
4.83952,0.1
5.08473,0.1
6.05769,1
5.43334,1.56666
end
position
4.9,0.4,6.1
scanner
1.5,6.28319
detections
4.27116,0.1
4.73714,0.1
4.93952,0.1
5.18473,0.1
6.15769,1
5.49815,1.50185
end
position
5,0.4,6.1
scanner
1.5,6.28319
detections
4.37116,0.1
4.83714,0.1
5.03952,0.1
5.28473,0.1
6.25769,1
5.56296,1.43704
end
position
5.1,0.4,6.1
scanner
1.5,6.28319
detections
4.47116,0.1
4.93714,0.1
5.13952,0.1
5.38473,0.1
6.35769,1
5.62778,1.37222
end
position
5.2,0.4,6.1
scanner
1.5,6.28319
detections
4.57116,0.1
5.03714,0.1
5.23952,0.1
5.48473,0.1
6.45769,1
5.69259,1.30741
end
position
5.3,0.4,6.1
scanner
1.5,6.28319
detections
4.67116,0.1
5.13714,0.1
5.33952,0.1
5.58473,0.1
6.55769,1
5.75741,1.24259
end
position
5.4,0.4,6.1
scanner
1.5,6.28319
detections
4.77116,0.1
5.23714,0.1
5.43952,0.1
5.68473,0.1
6.65769,1
5.82222,1.17778
5.21794,1.78206
end
position
5.5,0.4,6.1
scanner
1.5,6.28319
detections
4.87116,0.1
5.33714,0.1
5.53952,0.1
5.78473,0.1
6.75769,1
5.88704,1.11296
5.33312,1.66688
end
position
5.6,0.4,6.1
scanner
1.5,6.28319
detections
4.97116,0.1
5.43714,0.1
5.63952,0.1
5.88473,0.1
6.85769,1
5.95185,1.04815
5.44829,1.55171
end
position
5.7,0.4,6.1
scanner
1.5,6.28319
detections
5.07116,0.1
5.53714,0.1
5.73952,0.1
5.98473,0.1
6.95769,1
6.02572,1
5.56346,1.43654
end
position
5.8,0.4,6.1
scanner
1.5,6.28319
detections
5.17116,0.1
5.63714,0.1
5.83952,0.1
6.08473,0.1
7.05769,1
6.12572,1
5.67863,1.32137
end
position
5.9,0.4,6.1
scanner
1.5,6.28319
detections
5.27116,0.1
5.73714,0.1
5.93952,0.1
6.18473,0.1
7.15769,1
6.22572,1
5.7938,1.2062
end
position
6,0.4,6.1
scanner
1.5,6.28319
detections
5.37116,0.1
5.83714,0.1
6.03952,0.1
6.28473,0.1
7.25769,1
6.32572,1
5.90897,1.09103
end
position
6.1,0.4,6.1
scanner
1.5,6.28319
detections
5.47116,0.1
5.93714,0.1
6.13952,0.1
6.38473,0.1
7.35769,1
6.42572,1
6.02096,1
end
position
6.2,0.4,6.1
scanner
1.5,6.28319
detections
5.57116,0.1
6.03714,0.1
6.23952,0.1
6.48473,0.1
7.45769,1
6.52572,1
6.12096,1
end
position
6.3,0.4,6.1
scanner
1.5,6.28319
detections
5.67116,0.1
6.13714,0.1
6.33952,0.1
6.58473,0.1
7.55769,1
6.62572,1
6.22096,1
end
position
6.4,0.4,6.1
scanner
1.5,6.28319
detections
5.77116,0.1
6.23714,0.1
6.43952,0.1
6.68473,0.1
7.65769,1
6.72572,1
6.32096,1
end
position
6.5,0.4,6.1
scanner
1.5,6.28319
detections
5.87116,0.1
6.33714,0.1
6.53952,0.1
6.78473,0.1
7.75769,1
6.82572,1
6.42096,1
end
position
6.6,0.4,6.1
scanner
1.5,6.28319
detections
5.97116,0.1
6.43714,0.1
6.63952,0.1
6.88473,0.1
7.85769,1
6.92572,1
6.52096,1
6.03054,1
end
position
6.7,0.4,6.1
scanner
1.5,6.28319
detections
6.07116,0.1
6.53714,0.1
6.73952,0.1
6.98473,0.1
7.95769,1
7.02572,1
6.62096,1
6.13054,1
end
position
6.8,0.4,6.1
scanner
1.5,6.28319
detections
6.17116,0.1
6.63714,0.1
6.83952,0.1
7.08473,0.1
7.12572,1
6.72096,1
6.23054,1
end
position
6.9,0.4,6.1
scanner
1.5,6.28319
detections
6.27116,0.1
6.73714,0.1
6.93952,0.1
7.18473,0.1
7.22572,1
6.82096,1
6.33054,1
end
position
7,0.4,6.1
scanner
1.5,6.28319
detections
6.37116,0.1
6.83714,0.1
7.03952,0.1
7.28473,0.1
7.32572,1
6.92096,1
6.43054,1
end
position
7.1,0.4,6.1
scanner
1.5,6.28319
detections
6.47116,0.1
6.93714,0.1
7.13952,0.1
7.38473,0.1
7.42572,1
7.02096,1
6.53054,1
end
position
7.2,0.4,6.1
scanner
1.5,6.28319
detections
6.57116,0.1
7.03714,0.1
7.23952,0.1
7.48473,0.1
7.52572,1
7.12096,1
6.63054,1
end
position
7.3,0.4,6.1
scanner
1.5,6.28319
detections
6.67116,0.1
7.13714,0.1
7.33952,0.1
7.58473,0.1
7.62572,1
7.22096,1
6.73054,1
end
position
7.4,0.4,6.1
scanner
1.5,6.28319
detections
6.77116,0.1
7.23714,0.1
7.43952,0.1
7.68473,0.1
7.72572,1
7.32096,1
6.83054,1
end
position
7.5,0.4,6.1
scanner
1.5,6.28319
detections
6.87116,0.1
7.33714,0.1
7.53952,0.1
7.78473,0.1
7.82572,1
7.42096,1
6.93054,1
end
position
7.6,0.4,6.1
scanner
1.5,6.28319
detections
6.97116,0.1
7.43714,0.1
7.63952,0.1
7.88473,0.1
7.92572,1
7.52096,1
7.03054,1
end
position
7.7,0.4,6.1
scanner
1.5,6.28319
detections
7.07116,0.1
7.53714,0.1
7.73952,0.1
7.98473,0.1
8.05625,1.05625
7.62096,1
7.13054,1
end
position
7.8,0.4,6.1
scanner
1.5,6.28319
detections
7.17116,0.1
7.63714,0.1
7.83952,0.1
8.08473,0.1
8.275,1.275
7.72096,1
7.23054,1
end
position
7.9,0.4,6.1
scanner
1.5,6.28319
detections
7.27116,0.1
7.73714,0.1
7.93952,0.1
8.18473,0.1
8.49376,1.49376
7.82096,1
7.33054,1
end
position
8,0.4,6.1
scanner
1.5,6.28319
detections
7.37116,0.1
7.83714,0.1
8.03952,0.1
8.28473,0.1
8.71251,1.71251
7.92096,1
7.43054,1
end
position
8.1,0.4,6.1
scanner
1.5,6.28319
detections
7.47116,0.1
7.93714,0.1
8.13952,0.1
8.38473,0.1
8.01852,1.01852
7.53054,1
end
position
8.2,0.4,6.1
scanner
1.5,6.28319
detections
7.57116,0.1
8.03714,0.1
8.23952,0.1
8.48473,0.1
8.10688,1.10688
7.63054,1
end
position
8.3,0.4,6.1
scanner
1.5,6.28319
detections
7.67116,0.1
8.13714,0.1
8.33952,0.1
8.58473,0.1
8.19524,1.19524
7.73054,1
end
position
8.4,0.4,6.1
scanner
1.5,6.28319
detections
7.77116,0.1
8.23714,0.1
8.43952,0.1
8.68473,0.1
8.2836,1.2836
7.83054,1
end
position
8.5,0.4,6.1
scanner
1.5,6.28319
detections
7.87116,0.1
8.33714,0.1
8.53952,0.1
8.78473,0.1
9.9,0.140633
8.37196,1.37196
7.93054,1
end
position
8.6,0.4,6.1
scanner
1.5,6.28319
detections
7.97116,0.1
8.43714,0.1
8.63952,0.1
8.88473,0.1
9.9,0.159159
9.9,1.02019
8.46033,1.46033
8.01567,1.01567
end
position
8.7,0.4,6.1
scanner
1.5,6.28319
detections
8.07116,0.1
8.53714,0.1
8.73952,0.1
8.98473,0.1
9.9,0.177685
9.9,0.97248
8.54869,1.54869
8.06697,1.06697
end
position
8.8,0.4,6.1
scanner
1.5,6.28319
detections
8.17116,0.1
8.63714,0.1
8.83952,0.1
9.08473,0.1
9.9,0.196212
9.9,0.924773
8.63705,1.63705
8.11828,1.11828
end
position
8.9,0.4,6.1
scanner
1.5,6.28319
detections
8.27116,0.1
8.73714,0.1
8.93952,0.1
9.18473,0.1
9.9,0.214738
9.9,0.877067
8.72541,1.72541
8.16958,1.16958
end
position
9,0.4,6.1
scanner
1.5,6.28319
detections
8.37116,0.1
8.83714,0.1
9.03952,0.1
9.28473,0.1
9.9,0.233264
9.9,0.82936
8.81377,1.81377
8.22089,1.22089
end
position
9.1,0.4,6.1
scanner
1.5,6.28319
detections
8.47116,0.1
8.93714,0.1
9.13952,0.1
9.38473,0.1
9.9,0.25179
9.9,0.781653
8.27219,1.27219
end
position
9.2,0.4,6.1
scanner
1.5,6.28319
detections
8.57116,0.1
9.03714,0.1
9.23952,0.1
9.48473,0.1
9.9,0.270316
9.9,0.733947
9.9,1.68947
8.3235,1.3235
end
position
9.3,0.4,6.1
scanner
1.5,6.28319
detections
8.67116,0.1
9.13714,0.1
9.33952,0.1
9.58473,0.1
9.9,0.288843
9.9,0.68624
9.9,1.50526
8.37481,1.37481
end
position
9.4,0.4,6.1
scanner
1.5,6.28319
detections
8.77116,0.1
9.23714,0.1
9.43952,0.1
9.68473,0.1
9.9,0.307369
9.9,0.638533
9.9,1.32105
8.42611,1.42611
end
position
9.5,0.4,6.1
scanner
1.5,6.28319
detections
8.87116,0.1
9.33714,0.1
9.53952,0.1
9.78473,0.1
9.9,0.325895
9.9,0.590827
9.9,1.13684
8.47742,1.47742
end
position
9.6,0.4,6.1
scanner
1.5,6.28319
detections
8.97116,0.1
9.43714,0.1
9.63952,0.1
9.88473,0.1
9.9,0.344421
9.9,0.54312
9.9,0.952629
end
position
9.6,0.3,6.1
scanner
1.5,6.28319
detections
9.18077,0.1
9.49143,0.1
9.62635,0.1
9.78982,0.1
9.9,0.244421
9.9,0.44312
9.9,0.852629
end
position
9.6,0.2,6.1
scanner
1.5,6.28319
detections
9.39039,0.1
9.54571,0.1
9.61317,0.1
9.69491,0.1
9.9,0.144421
9.9,0.34312
9.9,0.752629
end
position
9.6,0.3,6.1
scanner
1.5,6.28319
detections
9.18077,0.1
9.49143,0.1
9.62635,0.1
9.78982,0.1
9.9,0.244421
9.9,0.44312
9.9,0.852629
end
position
9.6,0.4,6.1
scanner
1.5,6.28319
detections
8.97116,0.1
9.43714,0.1
9.63952,0.1
9.88473,0.1
9.9,0.344421
9.9,0.54312
9.9,0.952629
end
position
9.6,0.5,6.1
scanner
1.5,6.28319
detections
8.76154,0.1
9.38286,0.1
9.65269,0.1
9.9,0.183913
9.9,0.444421
9.9,0.64312
9.9,1.05263
8.57742,1.57742
end
position
9.6,0.6,6.1
scanner
1.5,6.28319
detections
8.55193,0.1
9.32857,0.1
9.66586,0.1
9.9,0.283913
9.9,0.544421
9.9,0.74312
9.9,1.15263
8.62611,1.62611
end
position
9.6,0.7,6.1
scanner
1.5,6.28319
detections
8.34231,0.1
9.27428,0.1
9.67904,0.1
9.9,0.383913
9.9,0.644421
9.9,0.84312
9.9,1.25263
8.67481,1.67481
end
position
9.6,0.8,6.1
scanner
1.5,6.28319
detections
9.22,0.1
9.69221,0.1
9.9,0.483913
9.9,0.744421
9.9,0.94312
9.9,1.35263
8.7235,1.7235
end
position
9.6,0.9,6.1
scanner
1.5,6.28319
detections
8.16572,1.16572
9.16571,0.1
9.70538,0.1
9.9,0.583913
9.9,0.844421
9.9,1.04312
9.9,1.45263
8.77219,1.77219
end
position
9.6,1,6.1
scanner
1.5,6.28319
detections
8.25009,1.25009
9.11143,0.1
9.71856,0.1
9.9,0.683913
9.9,0.944421
9.9,1.14312
9.9,1.55263
8.82089,1.82089
end
position
9.6,1.1,6.1
scanner
1.5,6.28319
detections
8.33446,1.33446
9.05714,0.1
9.73173,0.1
9.9,0.783913
9.9,1.04442
9.9,1.24312
9.9,1.65263
8.86958,1.86958
end
position
9.6,1.2,6.1
scanner
1.5,6.28319
detections
8.41883,1.41883
9.00285,0.1
9.7449,0.1
9.9,0.883913
9.9,1.14442
9.9,1.34312
9.9,1.75263
8.91828,1.91828
end
position
9.6,1.3,6.1
scanner
1.5,6.28319
detections
8.5032,1.5032
8.94857,0.1
9.75807,0.1
9.9,0.983913
9.9,1.24442
9.9,1.44312
9.9,1.85263
8.96697,1.96697
end
position
9.6,1.4,6.1
scanner
1.5,6.28319
detections
8.58757,1.58757
8.89428,0.1
9.77125,0.1
9.9,1.08391
9.9,1.34442
9.9,1.54312
9.9,1.95263
9,2.03217
end
position
9.6,1.5,6.1
scanner
1.5,6.28319
detections
8.67194,1.67194
9.78442,0.1
9.9,1.18391
9.9,1.44442
9.9,1.64312
9.9,2.05263
9,2.13217
end
position
9.6,1.6,6.1
scanner
1.5,6.28319
detections
8.7563,1.7563
9.9,1.28391
9.9,1.54442
9.9,1.74312
9.9,2.15263
9,2.23217
end
position
9.6,1.7,6.1
scanner
1.5,6.28319
detections
8.84067,1.84067
9.9,1.38391
9.9,1.64442
9.9,1.84312
9.9,2.25263
9,2.33217
end
position
9.6,1.8,6.1
scanner
1.5,6.28319
detections
8.92504,1.92504
9.9,1.48391
9.9,1.74442
9.9,1.94312
9.9,2.35263
9,2.43217
end
position
9.6,1.9,6.1
scanner
1.5,6.28319
detections
9,2.01116
8.2614,1.2614
9.9,1.58391
9.9,1.84442
9.9,2.04312
9.9,2.45263
9,2.53217
end
position
9.6,2,6.1
scanner
1.5,6.28319
detections
9,2.11116
8.45263,1.45263
9.9,1.68391
9.9,1.94442
9.9,2.14312
9.9,2.55263
9,2.63217
end
position
9.6,2.1,6.1
scanner
1.5,6.28319
detections
9,2.21116
8.64386,1.64386
9.9,1.78391
9.9,2.04442
9.9,2.24312
9.9,2.65263
9,2.73217
end
position
9.6,2.2,6.1
scanner
1.5,6.28319
detections
9,2.31116
8.83508,1.83508
9.9,1.88391
9.9,2.14442
9.9,2.34312
9.9,2.75263
9,2.83217
end
position
9.6,2.3,6.1
scanner
1.5,6.28319
detections
9,2.41116
9,2.01376
9.9,1.98391
9.9,2.24442
9.9,2.44312
9.9,2.85263
9,2.93217
end
position
9.6,2.4,6.1
scanner
1.5,6.28319
detections
9,2.51116
9,2.11376
9.9,2.08391
9.9,2.34442
9.9,2.54312
9.9,2.95263
end
position
9.6,2.5,6.1
scanner
1.5,6.28319
detections
9,2.61116
9,2.21376
9.9,2.18391
9.9,2.44442
9.9,2.64312
9.9,3.05263
end
position
9.6,2.6,6.1
scanner
1.5,6.28319
detections
9,2.71116
9,2.31376
9.9,2.28391
9.9,2.54442
9.9,2.74312
9.9,3.15263
end
position
9.6,2.7,6.1
scanner
1.5,6.28319
detections
9,2.81116
9,2.41376
9.9,2.38391
9.9,2.64442
9.9,2.84312
9.9,3.25263
end
position
9.6,2.8,6.1
scanner
1.5,6.28319
detections
9,2.91116
9,2.51376
9.9,2.48391
9.9,2.74442
9.9,2.94312
9.9,3.35263
end
position
9.6,2.9,6.1
scanner
1.5,6.28319
detections
8.98631,3.01369
9,2.61376
9.9,2.58391
9.9,2.84442
9.9,3.04312
9.9,3.45263
end
position
9.6,3,6.1
scanner
1.5,6.28319
detections
8.86357,3.13643
9,2.71376
9.9,2.68391
9.9,2.94442
9.9,3.14312
9.9,3.55263
end
position
9.6,3.1,6.1
scanner
1.5,6.28319
detections
8.74083,3.25917
9,2.81376
9.9,2.78391
9.9,3.04442
9.9,3.24312
9.9,3.65263
end
position
9.6,3.2,6.1
scanner
1.5,6.28319
detections
8.61809,3.38191
9,2.91376
9,2.09474
9.9,2.88391
9.9,3.14442
9.9,3.34312
9.9,3.75263
8.69686,4.15157
end
position
9.6,3.3,6.1
scanner
1.5,6.28319
detections
8.49535,3.50465
8.99068,3.00932
9,2.19474
9.9,2.98391
9.9,3.24442
9.9,3.44312
9.9,3.85263
8.87749,4.06126
end
position
9.6,3.4,6.1
scanner
1.5,6.28319
detections
8.37261,3.62739
8.92298,3.07702
9,2.29474
9.9,3.08391
9.9,3.34442
9.9,3.54312
9.9,3.95263
8.98908,4.04368
end
position
9.6,3.5,6.1
scanner
1.5,6.28319
detections
8.24987,3.75013
8.85528,3.14472
9,2.39474
9.9,3.18391
9.9,3.44442
9.9,3.64312
9.9,4.05263
8.95514,4.17944
end
position
9.6,3.6,6.1
scanner
1.5,6.28319
detections
8.12713,3.87287
8.78758,3.21242
9,2.49474
9.9,3.28391
9.9,3.54442
9.9,3.74312
9.9,4.15263
8.9212,4.3152
end
position
9.6,3.7,6.1
scanner
1.5,6.28319
detections
8.71988,3.28012
9,2.59474
9.9,3.38391
9.9,3.64442
9.9,3.84312
9.9,4.25263
8.88726,4.45096
end
position
9.6,3.8,6.1
scanner
1.5,6.28319
detections
8.65218,3.34782
9,2.69474
9.9,3.48391
9.9,3.74442
9.9,3.94312
9.9,4.35263
8.85332,4.58672
end
position
9.6,3.9,6.1
scanner
1.5,6.28319
detections
8.99708,4.0117
8.58447,3.41553
9,2.79474
9.9,3.58391
9.9,3.84442
9.9,4.04312
9.9,4.45263
8.81938,4.72248
end
position
9.6,4,6.1
scanner
1.5,6.28319
detections
8.97086,4.11656
8.51677,3.48323
9,2.89474
9.9,3.68391
9.9,3.94442
9.9,4.14312
9.9,4.55263
8.78544,4.85824
end
position
9.6,4.1,6.1
scanner
1.5,6.28319
detections
8.94465,4.22141
8.44907,3.55093
9,2.99474
9.9,3.78391
9.9,4.04442
9.9,4.24312
9.9,4.65263
8.7515,4.994
end
position
9.6,4.2,6.1
scanner
1.5,6.28319
detections
8.91843,4.32627
8.38137,3.61863
8.96666,3.03334
9.9,3.88391
9.9,4.14442
9.9,4.34312
9.9,4.75263
8.71756,5.12976
end
position
9.6,4.3,6.1
scanner
1.5,6.28319
detections
8.89222,4.43113
8.99693,4.01229
8.93148,3.06852
9.9,3.98391
9.9,4.24442
9.9,4.44312
9.9,4.85263
8.68362,5.26552
end
position
9.6,4.4,6.1
scanner
1.5,6.28319
detections
8.866,4.53598
8.97459,4.10164
8.89629,3.10371
9.9,4.08391
9.9,4.34442
9.9,4.54312
9.9,4.95263
8.64968,5.40128
end
position
9.6,4.5,6.1
scanner
1.5,6.28319
detections
8.83979,4.64084
8.95225,4.19098
9.9,4.18391
9.9,4.44442
9.9,4.64312
9.9,5.05263
8.61574,5.53704
end
position
9.6,4.6,6.1
scanner
1.5,6.28319
detections
8.81358,4.74569
8.92992,4.28033
9.9,4.28391
9.9,4.54442
9.9,4.74312
9.9,5.15263
8.5818,5.6728
end
position
9.6,4.7,6.1
scanner
1.5,6.28319
detections
8.78736,4.85055
8.90758,4.36967
9.9,4.38391
9.9,4.64442
9.9,4.84312
9.9,5.25263
end
position
9.6,4.8,6.1
scanner
1.5,6.28319
detections
8.76115,4.95541
8.88525,4.45901
9.9,4.48391
9.9,4.74442
9.9,4.94312
9.9,5.35263
end
position
9.6,4.9,6.1
scanner
1.5,6.28319
detections
8.73493,5.06026
8.86291,4.54836
9.9,4.58391
9.9,4.84442
9.9,5.04312
9.9,5.45263
end
position
9.6,5,6.1
scanner
1.5,6.28319
detections
8.70872,5.16512
8.84057,4.6377
9.9,4.68391
9.9,4.94442
9.9,5.14312
9.9,5.55263
end
position
9.6,5.1,6.1
scanner
1.5,6.28319
detections
8.68251,5.26998
8.81824,4.72705
9.9,4.78391
9.9,5.04442
9.9,5.24312
9.9,5.65263
end
position
9.6,5.2,6.1
scanner
1.5,6.28319
detections
8.65629,5.37483
8.7959,4.81639
8.98378,4.06487
9.9,4.88391
9.9,5.14442
9.9,5.34312
9.9,5.75263
end
position
9.6,5.3,6.1
scanner
1.5,6.28319
detections
8.63008,5.47969
8.77357,4.90574
8.96667,4.13334
9.9,4.98391
9.9,5.24442
9.9,5.44312
9.9,5.85263
end
position
9.6,5.4,6.1
scanner
1.5,6.28319
detections
8.60386,5.58455
8.75123,4.99508
8.94955,4.20181
9.9,5.08391
9.9,5.34442
9.9,5.54312
9.9,5.95263
end
position
9.6,5.5,6.1
scanner
1.5,6.28319
detections
8.57765,5.6894
8.72889,5.08442
8.93243,4.27027
9.9,5.18391
9.9,5.44442
9.9,5.64312
9.9,6.05263
end
position
9.6,5.6,6.1
scanner
1.5,6.28319
detections
8.55144,5.79426
8.70656,5.17377
8.91531,4.33874
9.9,5.28391
9.9,5.54442
9.9,5.74312
9.9,6.15263
end
position
9.6,5.7,6.1
scanner
1.5,6.28319
detections
8.52522,5.89912
8.68422,5.26311
8.8982,4.40721
9.9,5.38391
9.9,5.64442
9.9,5.84312
9.9,6.25263
end
position
9.6,5.8,6.1
scanner
1.5,6.28319
detections
8.49901,6.00397
8.66189,5.35246
9.9,5.48391
9.9,5.74442
9.9,5.94312
9.9,6.35263
end
position
9.6,5.9,6.1
scanner
1.5,6.28319
detections
8.47279,6.10883
8.63955,5.4418
9.9,5.58391
9.9,5.84442
9.9,6.04312
9.9,6.45263
end
position
9.6,6,6.1
scanner
1.5,6.28319
detections
8.44658,6.21369
8.61721,5.53115
9.9,5.68391
9.9,5.94442
9.9,6.14312
9.9,6.55263
end
position
9.6,6.1,6.1
scanner
1.5,6.28319
detections
8.42036,6.31854
8.59488,5.62049
9.9,5.78391
9.9,6.04442
9.9,6.24312
9.9,6.65263
end
position
9.6,6.2,6.1
scanner
1.5,6.28319
detections
8.39415,6.4234
8.57254,5.70983
9.9,5.88391
9.9,6.14442
9.9,6.34312
9.9,6.75263
end
position
9.6,6.3,6.1
scanner
1.5,6.28319
detections
8.36794,6.52825
8.55021,5.79918
9.9,5.98391
9.9,6.24442
9.9,6.44312
9.9,6.85263
end
position
9.6,6.4,6.1
scanner
1.5,6.28319
detections
8.34172,6.63311
8.52787,5.88852
9.9,6.08391
9.9,6.34442
9.9,6.54312
9.9,6.95263
end
position
9.6,6.5,6.1
scanner
1.5,6.28319
detections
8.31551,6.73797
8.50553,5.97787
9.9,6.18391
9.9,6.44442
9.9,6.64312
9.9,7.05263
end
position
9.6,6.6,6.1
scanner
1.5,6.28319
detections
8.28929,6.84282
8.4832,6.06721
9.9,6.28391
9.9,6.54442
9.9,6.74312
9.9,7.15263
end
position
9.6,6.7,6.1
scanner
1.5,6.28319
detections
8.26308,6.94768
8.46086,6.15655
9.9,6.38391
9.9,6.64442
9.9,6.84312
9.9,7.25263
end
position
9.6,6.8,6.1
scanner
1.5,6.28319
detections
8.23687,7.05254
8.43853,6.2459
9.9,6.48391
9.9,6.74442
9.9,6.94312
9.9,7.35263
end
position
9.6,6.9,6.1
scanner
1.5,6.28319
detections
8.21065,7.15739
8.41619,6.33524
9.9,6.58391
9.9,6.84442
9.9,7.04312
9.9,7.45263
end
position
9.6,7,6.1
scanner
1.5,6.28319
detections
8.18444,7.26225
8.39385,6.42459
9.9,6.68391
9.9,6.94442
9.9,7.14312
9.9,7.55263
end
position
9.6,7.1,6.1
scanner
1.5,6.28319
detections
8.15822,7.36711
8.37152,6.51393
9.9,6.78391
9.9,7.04442
9.9,7.24312
9.9,7.65263
end
position
9.6,7.2,6.1
scanner
1.5,6.28319
detections
8.13201,7.47196
8.34918,6.60328
9.9,6.88391
9.9,7.14442
9.9,7.34312
9.9,7.75263
end
position
9.6,7.3,6.1
scanner
1.5,6.28319
detections
8.32684,6.69262
9.9,6.98391
9.9,7.24442
9.9,7.44312
9.9,7.85263
end
position
9.6,7.4,6.1
scanner
1.5,6.28319
detections
8.30451,6.78196
9.9,7.08391
9.9,7.34442
9.9,7.54312
9.9,7.95263
end
position
9.6,7.5,6.1
scanner
1.5,6.28319
detections
8.28217,6.87131
9.9,7.18391
9.9,7.44442
9.9,7.64312
9.9,8.05263
end
position
9.6,7.6,6.1
scanner
1.5,6.28319
detections
8.25984,6.96065
9.9,7.28391
9.9,7.54442
9.9,7.74312
9.9,8.15263
end
position
9.6,7.7,6.1
scanner
1.5,6.28319
detections
9.9,7.38391
9.9,7.64442
9.9,7.84312
9.9,8.25263
end
position
9.6,7.8,6.1
scanner
1.5,6.28319
detections
9.9,7.48391
9.9,7.74442
9.9,7.94312
9.9,8.35263
end
position
9.6,7.9,6.1
scanner
1.5,6.28319
detections
9.9,7.58391
9.9,7.84442
9.9,8.04312
9.9,8.45263
end
position
9.6,8,6.1
scanner
1.5,6.28319
detections
9.9,7.68391
9.9,7.94442
9.9,8.14312
9.9,8.55263
end
position
9.6,8.1,6.1
scanner
1.5,6.28319
detections
9.9,7.78391
9.9,8.04442
9.9,8.24312
9.9,8.65263
end
position
9.6,8.2,6.1
scanner
1.5,6.28319
detections
9.9,7.88391
9.9,8.14442
9.9,8.34312
9.9,8.75263
end
position
9.6,8.3,6.1
scanner
1.5,6.28319
detections
9.9,7.98391
9.9,8.24442
9.9,8.44312
9.9,8.85263
end
position
9.6,8.4,6.1
scanner
1.5,6.28319
detections
9.9,8.08391
9.9,8.34442
9.9,8.54312
9.9,8.95263
end
position
9.6,8.5,6.1
scanner
1.5,6.28319
detections
9.9,8.18391
9.9,8.44442
9.9,8.64312
9.9,9.05263
9.41558,9.9
end
position
9.6,8.6,6.1
scanner
1.5,6.28319
detections
9.9,8.28391
9.9,8.54442
9.9,8.74312
9.9,9.15263
9.42875,9.9
end
position
9.6,8.7,6.1
scanner
1.5,6.28319
detections
9.9,8.38391
9.9,8.64442
9.9,8.84312
9.9,9.25263
9.44193,9.9
end
position
9.6,8.8,6.1
scanner
1.5,6.28319
detections
9.9,8.48391
9.9,8.74442
9.9,8.94312
9.9,9.35263
9.4551,9.9
end
position
9.6,8.9,6.1
scanner
1.5,6.28319
detections
9.9,8.58391
9.9,8.84442
9.9,9.04312
9.9,9.45263
9.46827,9.9
8.65089,9.9
end
position
9.6,9,6.1
scanner
1.5,6.28319
detections
9.9,8.68391
9.9,8.94442
9.9,9.14312
9.9,9.55263
9.48144,9.9
8.7458,9.9
end
position
9.6,9.1,6.1
scanner
1.5,6.28319
detections
9.9,8.78391
9.9,9.04442
9.9,9.24312
9.9,9.65263
9.49462,9.9
8.84072,9.9
end
position
9.6,9.2,6.1
scanner
1.5,6.28319
detections
9.9,8.88391
9.9,9.14442
9.9,9.34312
9.9,9.75263
9.50779,9.9
8.93563,9.9
end
position
9.6,9.3,6.1
scanner
1.5,6.28319
detections
9.9,8.98391
9.9,9.24442
9.9,9.44312
9.9,9.85263
9.52096,9.9
9.03054,9.9
end
position
9.6,9.4,6.1
scanner
1.5,6.28319
detections
9.9,9.08391
9.9,9.34442
9.9,9.54312
9.87143,9.9
9.53414,9.9
9.12545,9.9
end
position
9.6,9.5,6.1
scanner
1.5,6.28319
detections
9.9,9.18391
9.9,9.44442
9.9,9.64312
9.81714,9.9
9.54731,9.9
9.22036,9.9
end
position
9.6,9.6,6.1
scanner
1.5,6.28319
detections
9.9,9.28391
9.9,9.54442
9.9,9.74312
9.76286,9.9
9.56048,9.9
9.31527,9.9
end
position
9.7,9.6,6.1
scanner
1.5,6.28319
detections
9.9,9.38928
9.9,9.56295
9.9,9.69541
9.86286,9.9
9.66048,9.9
9.41527,9.9
end
position
9.6,9.6,6.1
scanner
1.5,6.28319
detections
9.9,9.28391
9.9,9.54442
9.9,9.74312
9.76286,9.9
9.56048,9.9
9.31527,9.9
end
position
9.5,9.6,6.1
scanner
1.5,6.28319
detections
9.9,9.17855
9.9,9.5259
9.9,9.79083
9.66286,9.9
9.46048,9.9
9.21527,9.9
end
position
9.4,9.6,6.1
scanner
1.5,6.28319
detections
9.9,9.07319
9.9,9.50737
9.9,9.83853
9.56286,9.9
9.36048,9.9
9.11527,9.9
end
position
9.3,9.6,6.1
scanner
1.5,6.28319
detections
9.9,8.96783
9.9,9.48884
9.9,9.88624
9.46286,9.9
9.26048,9.9
9.01527,9.9
end
position
9.2,9.6,6.1
scanner
1.5,6.28319
detections
7.95429,9.00571
9.9,8.86246
9.9,9.47032
9.82884,9.9
9.36286,9.9
9.16048,9.9
8.91527,9.9
end
position
9.1,9.6,6.1
scanner
1.5,6.28319
detections
7.87505,9.01562
9.9,8.7571
9.9,9.45179
9.72884,9.9
9.26286,9.9
9.06048,9.9
8.81527,9.9
end
position
9,9.6,6.1
scanner
1.5,6.28319
detections
7.79581,9.02552
9.9,8.65174
9.9,9.43326
9.62884,9.9
9.16286,9.9
8.96048,9.9
8.71527,9.9
end
position
8.9,9.6,6.1
scanner
1.5,6.28319
detections
7.71658,9.03543
9.9,8.54638
9.9,9.41474
9.52884,9.9
9.06286,9.9
8.86048,9.9
8.61527,9.9
end
position
8.8,9.6,6.1
scanner
1.5,6.28319
detections
7.63734,9.04533
9.9,9.39621
9.42884,9.9
8.96286,9.9
8.76048,9.9
8.51527,9.9
end
position
8.7,9.6,6.1
scanner
1.5,6.28319
detections
7.5581,9.05524
9.9,9.37769
9.32884,9.9
8.86286,9.9
8.66048,9.9
8.41527,9.9
end
position
8.6,9.6,6.1
scanner
1.5,6.28319
detections
7.47886,9.06514
9.9,9.35916
9.22884,9.9
8.76286,9.9
8.56048,9.9
8.31527,9.9
end
position
8.5,9.6,6.1
scanner
1.5,6.28319
detections
7.39962,9.07505
9.9,9.34063
9.12884,9.9
8.66286,9.9
8.46048,9.9
8.21527,9.9
end
position
8.4,9.6,6.1
scanner
1.5,6.28319
detections
7.32039,9.08495
9.02884,9.9
8.56286,9.9
8.36048,9.9
8.11527,9.9
end
position
8.3,9.6,6.1
scanner
1.5,6.28319
detections
7.24115,9.09486
7.97592,9.00301
8.92884,9.9
8.46286,9.9
8.26048,9.9
8.01527,9.9
end
position
8.2,9.6,6.1
scanner
1.5,6.28319
detections
7.16191,9.10476
7.88227,9.01472
8.82884,9.9
8.36286,9.9
8.16048,9.9
7.91527,9.9
end
position
8.1,9.6,6.1
scanner
1.5,6.28319
detections
7.08267,9.11467
7.78863,9.02642
8.72884,9.9
8.26286,9.9
8.06048,9.9
7.81527,9.9
end
position
8,9.6,6.1
scanner
1.5,6.28319
detections
7.00343,9.12457
7.69498,9.03813
8.62884,9.9
8.16286,9.9
7.96048,9.9
7.71527,9.9
end
position
7.9,9.6,6.1
scanner
1.5,6.28319
detections
6.92419,9.13448
7.60134,9.04983
7.97869,9.00266
8.52884,9.9
8.06286,9.9
7.86048,9.9
7.61527,9.9
end
position
7.8,9.6,6.1
scanner
1.5,6.28319
detections
6.84496,9.14438
7.50769,9.06154
7.87701,9.01537
8.42884,9.9
7.96286,9.9
7.76048,9.9
7.51527,9.9
end
position
7.7,9.6,6.1
scanner
1.5,6.28319
detections
6.76572,9.15429
7.41405,9.07324
7.77534,9.02808
8.32884,9.9
7.86286,9.9
7.66048,9.9
7.41527,9.9
end
position
7.6,9.6,6.1
scanner
1.5,6.28319
detections
6.68648,9.16419
7.3204,9.08495
7.67366,9.04079
8.22884,9.9
7.76286,9.9
7.56048,9.9
7.31527,9.9
end
position
7.5,9.6,6.1
scanner
1.5,6.28319
detections
6.60724,9.17409
7.22675,9.09666
7.57199,9.0535
8.12884,9.9
7.66286,9.9
7.46048,9.9
7.21527,9.9
end
position
7.4,9.6,6.1
scanner
1.5,6.28319
detections
6.528,9.184
7.13311,9.10836
7.47032,9.06621
7.96535,9.00433
8.02884,9.9
7.56286,9.9
7.36048,9.9
7.11527,9.9
end
position
7.3,9.6,6.1
scanner
1.5,6.28319
detections
6.44877,9.1939
7.03946,9.12007
7.36864,9.07892
7.85189,9.01851
7.92884,9.9
7.46286,9.9
7.26048,9.9
7.01527,9.9
end
position
7.2,9.6,6.1
scanner
1.5,6.28319
detections
6.36953,9.20381
6.94582,9.13177
7.26697,9.09163
7.73843,9.0327
7.82884,9.9
7.36286,9.9
7.16048,9.9
6.91527,9.9
end
position
7.1,9.6,6.1
scanner
1.5,6.28319
detections
6.29029,9.21371
6.85217,9.14348
7.16529,9.10434
7.62497,9.04688
7.72884,9.9
7.26286,9.9
7.06048,9.9
6.81527,9.9
end
position
7,9.6,6.1
scanner
1.5,6.28319
detections
6.21105,9.22362
6.75853,9.15518
7.06362,9.11705
7.51151,9.06106
7.62884,9.9
7.16286,9.9
6.96048,9.9
6.71527,9.9
end
position
6.9,9.6,6.1
scanner
1.5,6.28319
detections
6.13181,9.23352
6.66488,9.16689
6.96194,9.12976
7.39805,9.07524
7.52884,9.9
7.06286,9.9
6.86048,9.9
6.61527,9.9
end
position
6.8,9.6,6.1
scanner
1.5,6.28319
detections
6.05257,9.24343
6.57124,9.1786
6.86027,9.14247
7.28459,9.08943
7.42884,9.9
6.96286,9.9
6.76048,9.9
6.51527,9.9
end
position
6.7,9.6,6.1
scanner
1.5,6.28319
detections
5.97334,9.25333
6.47759,9.1903
6.7586,9.15518
7.17113,9.10361
7.32884,9.9
6.86286,9.9
6.66048,9.9
6.41527,9.9
end
position
6.6,9.6,6.1
scanner
1.5,6.28319
detections
5.8941,9.26324
6.38395,9.20201
6.65692,9.16788
7.05767,9.11779
7.22884,9.9
6.76286,9.9
6.56048,9.9
6.31527,9.9
end
position
6.5,9.6,6.1
scanner
1.5,6.28319
detections
5.81486,9.27314
6.2903,9.21371
6.55525,9.18059
6.94421,9.13197
7.12884,9.9
6.66286,9.9
6.46048,9.9
6.21527,9.9
end
position
6.4,9.6,6.1
scanner
1.5,6.28319
detections
5.73562,9.28305
6.19665,9.22542
6.45357,9.1933
6.83075,9.14616
7.02884,9.9
6.56286,9.9
6.36048,9.9
6.11527,9.9
end
position
6.3,9.6,6.1
scanner
1.5,6.28319
detections
5.65638,9.29295
6.10301,9.23712
6.3519,9.20601
6.71728,9.16034
6.92884,9.9
6.46286,9.9
6.26048,9.9
6.01527,9.9
end
position
6.2,9.6,6.1
scanner
1.5,6.28319
detections
5.57715,9.30286
6.00936,9.24883
6.25023,9.21872
6.60382,9.17452
6.82884,9.9
6.36286,9.9
6.16048,9.9
5.91527,9.9
end
position
6.1,9.6,6.1
scanner
1.5,6.28319
detections
5.49791,9.31276
5.91572,9.26054
6.14855,9.23143
6.49036,9.1887
6.72884,9.9
6.26286,9.9
6.06048,9.9
5.81527,9.9
end
position
6,9.6,6.1
scanner
1.5,6.28319
detections
5.41867,9.32267
5.82207,9.27224
6.04688,9.24414
6.3769,9.20289
6.62884,9.9
6.16286,9.9
5.96048,9.9
5.71527,9.9
end
position
5.9,9.6,6.1
scanner
1.5,6.28319
detections
5.33943,9.33257
5.72843,9.28395
5.9452,9.25685
6.26344,9.21707
6.52884,9.9
6.06286,9.9
5.86048,9.9
5.61527,9.9
end
position
5.8,9.6,6.1
scanner
1.5,6.28319
detections
5.26019,9.34248
5.63478,9.29565
5.84353,9.26956
6.14998,9.23125
6.42884,9.9
5.96286,9.9
5.76048,9.9
5.51527,9.9
end
position
5.7,9.6,6.1
scanner
1.5,6.28319
detections
5.18095,9.35238
5.54114,9.30736
5.74185,9.28227
6.03652,9.24544
6.32884,9.9
5.86286,9.9
5.66048,9.9
5.41527,9.9
end
position
5.6,9.6,6.1
scanner
1.5,6.28319
detections
5.10172,9.36229
5.44749,9.31906
5.64018,9.29498
5.92306,9.25962
6.22884,9.9
5.76286,9.9
5.56048,9.9
5.31527,9.9
end
position
5.5,9.6,6.1
scanner
1.5,6.28319
detections
5.02248,9.37219
5.35385,9.33077
5.53851,9.30769
5.8096,9.2738
6.12884,9.9
5.66286,9.9
5.46048,9.9
5.21527,9.9
end
position
5.4,9.6,6.1
scanner
1.5,6.28319
detections
4.94324,9.3821
5.2602,9.34247
5.43683,9.3204
5.69614,9.28798
6.02884,9.9
5.56286,9.9
5.36048,9.9
5.11527,9.9
end
position
5.3,9.6,6.1
scanner
1.5,6.28319
detections
4.864,9.392
5.16655,9.35418
5.33516,9.33311
5.58268,9.30217
5.92884,9.9
5.46286,9.9
5.26048,9.9
5.01527,9.9
end
position
5.2,9.6,6.1
scanner
1.5,6.28319
detections
4.78476,9.4019
5.07291,9.36589
5.23348,9.34581
5.46922,9.31635
5.82884,9.9
5.36286,9.9
5.16048,9.9
4.91527,9.9
end
position
5.1,9.6,6.1
scanner
1.5,6.28319
detections
4.70553,9.41181
4.97926,9.37759
5.13181,9.35852
5.35575,9.33053
5.72884,9.9
5.26286,9.9
5.06048,9.9
4.81527,9.9
end
position
5,9.6,6.1
scanner
1.5,6.28319
detections
4.62629,9.42171
4.88562,9.3893
5.03014,9.37123
5.24229,9.34471
5.62884,9.9
5.16286,9.9
4.96048,9.9
4.71527,9.9
end
position
4.9,9.6,6.1
scanner
1.5,6.28319
detections
4.54705,9.43162
4.79197,9.401
4.92846,9.38394
5.12883,9.3589
5.52884,9.9
5.06286,9.9
4.86048,9.9
4.61527,9.9
end
position
4.8,9.6,6.1
scanner
1.5,6.28319
detections
4.46781,9.44152
4.69833,9.41271
4.82679,9.39665
5.01537,9.37308
5.42884,9.9
4.96286,9.9
4.76048,9.9
4.51527,9.9
end
position
4.7,9.6,6.1
scanner
1.5,6.28319
detections
4.38857,9.45143
4.60468,9.42441
4.72511,9.40936
4.90191,9.38726
5.32884,9.9
4.86286,9.9
4.66048,9.9
4.41527,9.9
end
position
4.6,9.6,6.1
scanner
1.5,6.28319
detections
4.30933,9.46133
4.51104,9.43612
4.62344,9.42207
4.78845,9.40144
5.22884,9.9
4.76286,9.9
4.56048,9.9
4.31527,9.9
end
position
4.7,9.6,6.1
scanner
1.5,6.28319
detections
4.38857,9.45143
4.60468,9.42441
4.72511,9.40936
4.90191,9.38726
5.32884,9.9
4.86286,9.9
4.66048,9.9
4.41527,9.9
end
position
4.8,9.6,6.1
scanner
1.5,6.28319
detections
4.46781,9.44152
4.69833,9.41271
4.82679,9.39665
5.01537,9.37308
5.42884,9.9
4.96286,9.9
4.76048,9.9
4.51527,9.9
end
position
4.9,9.6,6.1
scanner
1.5,6.28319
detections
4.54705,9.43162
4.79197,9.401
4.92846,9.38394
5.12883,9.3589
5.52884,9.9
5.06286,9.9
4.86048,9.9
4.61527,9.9
end
position
5,9.6,6.1
scanner
1.5,6.28319
detections
4.62629,9.42171
4.88562,9.3893
5.03014,9.37123
5.24229,9.34471
5.62884,9.9
5.16286,9.9
4.96048,9.9
4.71527,9.9
end
position
5.1,9.6,6.1
scanner
1.5,6.28319
detections
4.70553,9.41181
4.97926,9.37759
5.13181,9.35852
5.35575,9.33053
5.72884,9.9
5.26286,9.9
5.06048,9.9
4.81527,9.9
end
position
5.2,9.6,6.1
scanner
1.5,6.28319
detections
4.78476,9.4019
5.07291,9.36589
5.23348,9.34581
5.46922,9.31635
5.82884,9.9
5.36286,9.9
5.16048,9.9
4.91527,9.9
end
position
5.3,9.6,6.1
scanner
1.5,6.28319
detections
4.864,9.392
5.16655,9.35418
5.33516,9.33311
5.58268,9.30217
5.92884,9.9
5.46286,9.9
5.26048,9.9
5.01527,9.9
end
position
5.4,9.6,6.1
scanner
1.5,6.28319
detections
4.94324,9.3821
5.2602,9.34247
5.43683,9.3204
5.69614,9.28798
6.02884,9.9
5.56286,9.9
5.36048,9.9
5.11527,9.9
end
position
5.5,9.6,6.1
scanner
1.5,6.28319
detections
5.02248,9.37219
5.35385,9.33077
5.53851,9.30769
5.8096,9.2738
6.12884,9.9
5.66286,9.9
5.46048,9.9
5.21527,9.9
end
position
5.6,9.6,6.1
scanner
1.5,6.28319
detections
5.10172,9.36229
5.44749,9.31906
5.64018,9.29498
5.92306,9.25962
6.22884,9.9
5.76286,9.9
5.56048,9.9
5.31527,9.9
end
position
5.7,9.6,6.1
scanner
1.5,6.28319
detections
5.18095,9.35238
5.54114,9.30736
5.74185,9.28227
6.03652,9.24544
6.32884,9.9
5.86286,9.9
5.66048,9.9
5.41527,9.9
end
position
5.8,9.6,6.1
scanner
1.5,6.28319
detections
5.26019,9.34248
5.63478,9.29565
5.84353,9.26956
6.14998,9.23125
6.42884,9.9
5.96286,9.9
5.76048,9.9
5.51527,9.9
end
position
5.9,9.6,6.1
scanner
1.5,6.28319
detections
5.33943,9.33257
5.72843,9.28395
5.9452,9.25685
6.26344,9.21707
6.52884,9.9
6.06286,9.9
5.86048,9.9
5.61527,9.9
end
position
6,9.6,6.1
scanner
1.5,6.28319
detections
5.41867,9.32267
5.82207,9.27224
6.04688,9.24414
6.3769,9.20289
6.62884,9.9
6.16286,9.9
5.96048,9.9
5.71527,9.9
end
position
6.1,9.6,6.1
scanner
1.5,6.28319
detections
5.49791,9.31276
5.91572,9.26054
6.14855,9.23143
6.49036,9.1887
6.72884,9.9
6.26286,9.9
6.06048,9.9
5.81527,9.9
end
position
6.2,9.6,6.1
scanner
1.5,6.28319
detections
5.57715,9.30286
6.00936,9.24883
6.25023,9.21872
6.60382,9.17452
6.82884,9.9
6.36286,9.9
6.16048,9.9
5.91527,9.9
end
position
6.3,9.6,6.1
scanner
1.5,6.28319
detections
5.65638,9.29295
6.10301,9.23712
6.3519,9.20601
6.71728,9.16034
6.92884,9.9
6.46286,9.9
6.26048,9.9
6.01527,9.9
end
position
6.4,9.6,6.1
scanner
1.5,6.28319
detections
5.73562,9.28305
6.19665,9.22542
6.45357,9.1933
6.83075,9.14616
7.02884,9.9
6.56286,9.9
6.36048,9.9
6.11527,9.9
end
position
6.5,9.6,6.1
scanner
1.5,6.28319
detections
5.81486,9.27314
6.2903,9.21371
6.55525,9.18059
6.94421,9.13197
7.12884,9.9
6.66286,9.9
6.46048,9.9
6.21527,9.9
end
position
6.6,9.6,6.1
scanner
1.5,6.28319
detections
5.8941,9.26324
6.38395,9.20201
6.65692,9.16788
7.05767,9.11779
7.22884,9.9
6.76286,9.9
6.56048,9.9
6.31527,9.9
end
position
6.7,9.6,6.1
scanner
1.5,6.28319
detections
5.97334,9.25333
6.47759,9.1903
6.7586,9.15518
7.17113,9.10361
7.32884,9.9
6.86286,9.9
6.66048,9.9
6.41527,9.9
end
position
6.8,9.6,6.1
scanner
1.5,6.28319
detections
6.05257,9.24343
6.57124,9.1786
6.86027,9.14247
7.28459,9.08943
7.42884,9.9
6.96286,9.9
6.76048,9.9
6.51527,9.9
end
position
6.9,9.6,6.1
scanner
1.5,6.28319
detections
6.13181,9.23352
6.66488,9.16689
6.96194,9.12976
7.39805,9.07524
7.52884,9.9
7.06286,9.9
6.86048,9.9
6.61527,9.9
end
position
7,9.6,6.1
scanner
1.5,6.28319
detections
6.21105,9.22362
6.75853,9.15518
7.06362,9.11705
7.51151,9.06106
7.62884,9.9
7.16286,9.9
6.96048,9.9
6.71527,9.9
end
position
7.1,9.6,6.1
scanner
1.5,6.28319
detections
6.29029,9.21371
6.85217,9.14348
7.16529,9.10434
7.62497,9.04688
7.72884,9.9
7.26286,9.9
7.06048,9.9
6.81527,9.9
end
position
7.2,9.6,6.1
scanner
1.5,6.28319
detections
6.36953,9.20381
6.94582,9.13177
7.26697,9.09163
7.73843,9.0327
7.82884,9.9
7.36286,9.9
7.16048,9.9
6.91527,9.9
end
position
7.3,9.6,6.1
scanner
1.5,6.28319
detections
6.44877,9.1939
7.03946,9.12007
7.36864,9.07892
7.85189,9.01851
7.92884,9.9
7.46286,9.9
7.26048,9.9
7.01527,9.9
end
position
7.4,9.6,6.1
scanner
1.5,6.28319
detections
6.528,9.184
7.13311,9.10836
7.47032,9.06621
7.96535,9.00433
8.02884,9.9
7.56286,9.9
7.36048,9.9
7.11527,9.9
end
position
7.5,9.6,6.1
scanner
1.5,6.28319
detections
6.60724,9.17409
7.22675,9.09666
7.57199,9.0535
8.12884,9.9
7.66286,9.9
7.46048,9.9
7.21527,9.9
end
position
7.6,9.6,6.1
scanner
1.5,6.28319
detections
6.68648,9.16419
7.3204,9.08495
7.67366,9.04079
8.22884,9.9
7.76286,9.9
7.56048,9.9
7.31527,9.9
end
position
7.7,9.6,6.1
scanner
1.5,6.28319
detections
6.76572,9.15429
7.41405,9.07324
7.77534,9.02808
8.32884,9.9
7.86286,9.9
7.66048,9.9
7.41527,9.9
end
position
7.8,9.6,6.1
scanner
1.5,6.28319
detections
6.84496,9.14438
7.50769,9.06154
7.87701,9.01537
8.42884,9.9
7.96286,9.9
7.76048,9.9
7.51527,9.9
end
position
7.9,9.6,6.1
scanner
1.5,6.28319
detections
6.92419,9.13448
7.60134,9.04983
7.97869,9.00266
8.52884,9.9
8.06286,9.9
7.86048,9.9
7.61527,9.9
end
position
8,9.6,6.1
scanner
1.5,6.28319
detections
7.00343,9.12457
7.69498,9.03813
8.62884,9.9
8.16286,9.9
7.96048,9.9
7.71527,9.9
end
position
8.1,9.6,6.1
scanner
1.5,6.28319
detections
7.08267,9.11467
7.78863,9.02642
8.72884,9.9
8.26286,9.9
8.06048,9.9
7.81527,9.9
end
position
8.2,9.6,6.1
scanner
1.5,6.28319
detections
7.16191,9.10476
7.88227,9.01472
8.82884,9.9
8.36286,9.9
8.16048,9.9
7.91527,9.9
end
position
8.3,9.6,6.1
scanner
1.5,6.28319
detections
7.24115,9.09486
7.97592,9.00301
8.92884,9.9
8.46286,9.9
8.26048,9.9
8.01527,9.9
end
position
8.4,9.6,6.1
scanner
1.5,6.28319
detections
7.32039,9.08495
9.02884,9.9
8.56286,9.9
8.36048,9.9
8.11527,9.9
end
position
8.5,9.6,6.1
scanner
1.5,6.28319
detections
7.39962,9.07505
9.9,9.34063
9.12884,9.9
8.66286,9.9
8.46048,9.9
8.21527,9.9
end
position
8.6,9.6,6.1
scanner
1.5,6.28319
detections
7.47886,9.06514
9.9,9.35916
9.22884,9.9
8.76286,9.9
8.56048,9.9
8.31527,9.9
end
position
8.7,9.6,6.1
scanner
1.5,6.28319
detections
7.5581,9.05524
9.9,9.37769
9.32884,9.9
8.86286,9.9
8.66048,9.9
8.41527,9.9
end
position
8.8,9.6,6.1
scanner
1.5,6.28319
detections
7.63734,9.04533
9.9,9.39621
9.42884,9.9
8.96286,9.9
8.76048,9.9
8.51527,9.9
end
position
8.9,9.6,6.1
scanner
1.5,6.28319
detections
7.71658,9.03543
9.9,8.54638
9.9,9.41474
9.52884,9.9
9.06286,9.9
8.86048,9.9
8.61527,9.9
end
position
9,9.6,6.1
scanner
1.5,6.28319
detections
7.79581,9.02552
9.9,8.65174
9.9,9.43326
9.62884,9.9
9.16286,9.9
8.96048,9.9
8.71527,9.9
end
position
9.1,9.6,6.1
scanner
1.5,6.28319
detections
7.87505,9.01562
9.9,8.7571
9.9,9.45179
9.72884,9.9
9.26286,9.9
9.06048,9.9
8.81527,9.9
end
position
9.2,9.6,6.1
scanner
1.5,6.28319
detections
7.95429,9.00571
9.9,8.86246
9.9,9.47032
9.82884,9.9
9.36286,9.9
9.16048,9.9
8.91527,9.9
end
position
9.3,9.6,6.1
scanner
1.5,6.28319
detections
9.9,8.96783
9.9,9.48884
9.9,9.88624
9.46286,9.9
9.26048,9.9
9.01527,9.9
end
position
9.4,9.6,6.1
scanner
1.5,6.28319
detections
9.9,9.07319
9.9,9.50737
9.9,9.83853
9.56286,9.9
9.36048,9.9
9.11527,9.9
end
position
9.5,9.6,6.1
scanner
1.5,6.28319
detections
9.9,9.17855
9.9,9.5259
9.9,9.79083
9.66286,9.9
9.46048,9.9
9.21527,9.9
end
position
9.6,9.6,6.1
scanner
1.5,6.28319
detections
9.9,9.28391
9.9,9.54442
9.9,9.74312
9.76286,9.9
9.56048,9.9
9.31527,9.9
end
position
9.6,9.5,6.1
scanner
1.5,6.28319
detections
9.9,9.18391
9.9,9.44442
9.9,9.64312
9.81714,9.9
9.54731,9.9
9.22036,9.9
end
position
9.6,9.4,6.1
scanner
1.5,6.28319
detections
9.9,9.08391
9.9,9.34442
9.9,9.54312
9.87143,9.9
9.53414,9.9
9.12545,9.9
end
position
9.6,9.3,6.1
scanner
1.5,6.28319
detections
9.9,8.98391
9.9,9.24442
9.9,9.44312
9.9,9.85263
9.52096,9.9
9.03054,9.9
end
position
9.6,9.2,6.1
scanner
1.5,6.28319
detections
9.9,8.88391
9.9,9.14442
9.9,9.34312
9.9,9.75263
9.50779,9.9
8.93563,9.9
end
position
9.6,9.1,6.1
scanner
1.5,6.28319
detections
9.9,8.78391
9.9,9.04442
9.9,9.24312
9.9,9.65263
9.49462,9.9
8.84072,9.9
end
position
9.6,9,6.1
scanner
1.5,6.28319
detections
9.9,8.68391
9.9,8.94442
9.9,9.14312
9.9,9.55263
9.48144,9.9
8.7458,9.9
end
position
9.6,8.9,6.1
scanner
1.5,6.28319
detections
9.9,8.58391
9.9,8.84442
9.9,9.04312
9.9,9.45263
9.46827,9.9
8.65089,9.9
end
position
9.6,8.8,6.1
scanner
1.5,6.28319
detections
9.9,8.48391
9.9,8.74442
9.9,8.94312
9.9,9.35263
9.4551,9.9
end
position
9.6,8.7,6.1
scanner
1.5,6.28319
detections
9.9,8.38391
9.9,8.64442
9.9,8.84312
9.9,9.25263
9.44193,9.9
end
position
9.6,8.6,6.1
scanner
1.5,6.28319
detections
9.9,8.28391
9.9,8.54442
9.9,8.74312
9.9,9.15263
9.42875,9.9
end
position
9.6,8.5,6.1
scanner
1.5,6.28319
detections
9.9,8.18391
9.9,8.44442
9.9,8.64312
9.9,9.05263
9.41558,9.9
end
position
9.6,8.4,6.1
scanner
1.5,6.28319
detections
9.9,8.08391
9.9,8.34442
9.9,8.54312
9.9,8.95263
end
position
9.6,8.3,6.1
scanner
1.5,6.28319
detections
9.9,7.98391
9.9,8.24442
9.9,8.44312
9.9,8.85263
end
position
9.6,8.2,6.1
scanner
1.5,6.28319
detections
9.9,7.88391
9.9,8.14442
9.9,8.34312
9.9,8.75263
end
position
9.6,8.1,6.1
scanner
1.5,6.28319
detections
9.9,7.78391
9.9,8.04442
9.9,8.24312
9.9,8.65263
end
position
9.6,8,6.1
scanner
1.5,6.28319
detections
9.9,7.68391
9.9,7.94442
9.9,8.14312
9.9,8.55263
end
position
9.6,7.9,6.1
scanner
1.5,6.28319
detections
9.9,7.58391
9.9,7.84442
9.9,8.04312
9.9,8.45263
end
position
9.6,7.8,6.1
scanner
1.5,6.28319
detections
9.9,7.48391
9.9,7.74442
9.9,7.94312
9.9,8.35263
end
position
9.6,7.7,6.1
scanner
1.5,6.28319
detections
9.9,7.38391
9.9,7.64442
9.9,7.84312
9.9,8.25263
end
position
9.6,7.6,6.1
scanner
1.5,6.28319
detections
8.25984,6.96065
9.9,7.28391
9.9,7.54442
9.9,7.74312
9.9,8.15263
end
position
9.6,7.5,6.1
scanner
1.5,6.28319
detections
8.28217,6.87131
9.9,7.18391
9.9,7.44442
9.9,7.64312
9.9,8.05263
end
position
9.6,7.4,6.1
scanner
1.5,6.28319
detections
8.30451,6.78196
9.9,7.08391
9.9,7.34442
9.9,7.54312
9.9,7.95263
end
position
9.6,7.3,6.1
scanner
1.5,6.28319
detections
8.32684,6.69262
9.9,6.98391
9.9,7.24442
9.9,7.44312
9.9,7.85263
end
position
9.6,7.2,6.1
scanner
1.5,6.28319
detections
8.13201,7.47196
8.34918,6.60328
9.9,6.88391
9.9,7.14442
9.9,7.34312
9.9,7.75263
end
position
9.6,7.1,6.1
scanner
1.5,6.28319
detections
8.15822,7.36711
8.37152,6.51393
9.9,6.78391
9.9,7.04442
9.9,7.24312
9.9,7.65263
end
position
9.6,7,6.1
scanner
1.5,6.28319
detections
8.18444,7.26225
8.39385,6.42459
9.9,6.68391
9.9,6.94442
9.9,7.14312
9.9,7.55263
end
position
9.6,6.9,6.1
scanner
1.5,6.28319
detections
8.21065,7.15739
8.41619,6.33524
9.9,6.58391
9.9,6.84442
9.9,7.04312
9.9,7.45263
end
position
9.6,6.8,6.1
scanner
1.5,6.28319
detections
8.23687,7.05254
8.43853,6.2459
9.9,6.48391
9.9,6.74442
9.9,6.94312
9.9,7.35263
end
position
9.6,6.7,6.1
scanner
1.5,6.28319
detections
8.26308,6.94768
8.46086,6.15655
9.9,6.38391
9.9,6.64442
9.9,6.84312
9.9,7.25263
end
position
9.6,6.6,6.1
scanner
1.5,6.28319
detections
8.28929,6.84282
8.4832,6.06721
9.9,6.28391
9.9,6.54442
9.9,6.74312
9.9,7.15263
end
position
9.6,6.5,6.1
scanner
1.5,6.28319
detections
8.31551,6.73797
8.50553,5.97787
9.9,6.18391
9.9,6.44442
9.9,6.64312
9.9,7.05263
end
position
9.6,6.4,6.1
scanner
1.5,6.28319
detections
8.34172,6.63311
8.52787,5.88852
9.9,6.08391
9.9,6.34442
9.9,6.54312
9.9,6.95263
end
position
9.6,6.3,6.1
scanner
1.5,6.28319
detections
8.36794,6.52825
8.55021,5.79918
9.9,5.98391
9.9,6.24442
9.9,6.44312
9.9,6.85263
end
position
9.6,6.2,6.1
scanner
1.5,6.28319
detections
8.39415,6.4234
8.57254,5.70983
9.9,5.88391
9.9,6.14442
9.9,6.34312
9.9,6.75263
end
position
9.6,6.1,6.1
scanner
1.5,6.28319
detections
8.42036,6.31854
8.59488,5.62049
9.9,5.78391
9.9,6.04442
9.9,6.24312
9.9,6.65263
end
position
9.6,6,6.1
scanner
1.5,6.28319
detections
8.44658,6.21369
8.61721,5.53115
9.9,5.68391
9.9,5.94442
9.9,6.14312
9.9,6.55263
end
position
9.6,5.9,6.1
scanner
1.5,6.28319
detections
8.47279,6.10883
8.63955,5.4418
9.9,5.58391
9.9,5.84442
9.9,6.04312
9.9,6.45263
end
position
9.6,5.8,6.1
scanner
1.5,6.28319
detections
8.49901,6.00397
8.66189,5.35246
9.9,5.48391
9.9,5.74442
9.9,5.94312
9.9,6.35263
end
position
9.6,5.7,6.1
scanner
1.5,6.28319
detections
8.52522,5.89912
8.68422,5.26311
8.8982,4.40721
9.9,5.38391
9.9,5.64442
9.9,5.84312
9.9,6.25263
end
position
9.6,5.6,6.1
scanner
1.5,6.28319
detections
8.55144,5.79426
8.70656,5.17377
8.91531,4.33874
9.9,5.28391
9.9,5.54442
9.9,5.74312
9.9,6.15263
end
position
9.6,5.5,6.1
scanner
1.5,6.28319
detections
8.57765,5.6894
8.72889,5.08442
8.93243,4.27027
9.9,5.18391
9.9,5.44442
9.9,5.64312
9.9,6.05263
end
position
9.6,5.4,6.1
scanner
1.5,6.28319
detections
8.60386,5.58455
8.75123,4.99508
8.94955,4.20181
9.9,5.08391
9.9,5.34442
9.9,5.54312
9.9,5.95263
end
position
9.6,5.3,6.1
scanner
1.5,6.28319
detections
8.63008,5.47969
8.77357,4.90574
8.96667,4.13334
9.9,4.98391
9.9,5.24442
9.9,5.44312
9.9,5.85263
end
position
9.6,5.2,6.1
scanner
1.5,6.28319
detections
8.65629,5.37483
8.7959,4.81639
8.98378,4.06487
9.9,4.88391
9.9,5.14442
9.9,5.34312
9.9,5.75263
end
position
9.6,5.1,6.1
scanner
1.5,6.28319
detections
8.68251,5.26998
8.81824,4.72705
9.9,4.78391
9.9,5.04442
9.9,5.24312
9.9,5.65263
end
position
9.6,5,6.1
scanner
1.5,6.28319
detections
8.70872,5.16512
8.84057,4.6377
9.9,4.68391
9.9,4.94442
9.9,5.14312
9.9,5.55263
end
position
9.6,4.9,6.1
scanner
1.5,6.28319
detections
8.73493,5.06026
8.86291,4.54836
9.9,4.58391
9.9,4.84442
9.9,5.04312
9.9,5.45263
end
position
9.6,4.8,6.1
scanner
1.5,6.28319
detections
8.76115,4.95541
8.88525,4.45901
9.9,4.48391
9.9,4.74442
9.9,4.94312
9.9,5.35263
end
position
9.6,4.7,6.1
scanner
1.5,6.28319
detections
8.78736,4.85055
8.90758,4.36967
9.9,4.38391
9.9,4.64442
9.9,4.84312
9.9,5.25263
end
position
9.6,4.6,6.1
scanner
1.5,6.28319
detections
8.81358,4.74569
8.92992,4.28033
9.9,4.28391
9.9,4.54442
9.9,4.74312
9.9,5.15263
8.5818,5.6728
end
position
9.6,4.5,6.1
scanner
1.5,6.28319
detections
8.83979,4.64084
8.95225,4.19098
9.9,4.18391
9.9,4.44442
9.9,4.64312
9.9,5.05263
8.61574,5.53704
end
position
9.6,4.4,6.1
scanner
1.5,6.28319
detections
8.866,4.53598
8.97459,4.10164
8.89629,3.10371
9.9,4.08391
9.9,4.34442
9.9,4.54312
9.9,4.95263
8.64968,5.40128
end
position
9.6,4.3,6.1
scanner
1.5,6.28319
detections
8.89222,4.43113
8.99693,4.01229
8.93148,3.06852
9.9,3.98391
9.9,4.24442
9.9,4.44312
9.9,4.85263
8.68362,5.26552
end
position
9.6,4.2,6.1
scanner
1.5,6.28319
detections
8.91843,4.32627
8.38137,3.61863
8.96666,3.03334
9.9,3.88391
9.9,4.14442
9.9,4.34312
9.9,4.75263
8.71756,5.12976
end
position
9.6,4.1,6.1
scanner
1.5,6.28319
detections
8.94465,4.22141
8.44907,3.55093
9,2.99474
9.9,3.78391
9.9,4.04442
9.9,4.24312
9.9,4.65263
8.7515,4.994
end
position
9.6,4,6.1
scanner
1.5,6.28319
detections
8.97086,4.11656
8.51677,3.48323
9,2.89474
9.9,3.68391
9.9,3.94442
9.9,4.14312
9.9,4.55263
8.78544,4.85824
end
position
9.6,3.9,6.1
scanner
1.5,6.28319
detections
8.99708,4.0117
8.58447,3.41553
9,2.79474
9.9,3.58391
9.9,3.84442
9.9,4.04312
9.9,4.45263
8.81938,4.72248
end
position
9.6,3.8,6.1
scanner
1.5,6.28319
detections
8.65218,3.34782
9,2.69474
9.9,3.48391
9.9,3.74442
9.9,3.94312
9.9,4.35263
8.85332,4.58672
end
position
9.6,3.7,6.1
scanner
1.5,6.28319
detections
8.71988,3.28012
9,2.59474
9.9,3.38391
9.9,3.64442
9.9,3.84312
9.9,4.25263
8.88726,4.45096
end
position
9.6,3.6,6.1
scanner
1.5,6.28319
detections
8.12713,3.87287
8.78758,3.21242
9,2.49474
9.9,3.28391
9.9,3.54442
9.9,3.74312
9.9,4.15263
8.9212,4.3152
end
position
9.6,3.5,6.1
scanner
1.5,6.28319
detections
8.24987,3.75013
8.85528,3.14472
9,2.39474
9.9,3.18391
9.9,3.44442
9.9,3.64312
9.9,4.05263
8.95514,4.17944
end
position
9.6,3.4,6.1
scanner
1.5,6.28319
detections
8.37261,3.62739
8.92298,3.07702
9,2.29474
9.9,3.08391
9.9,3.34442
9.9,3.54312
9.9,3.95263
8.98908,4.04368
end
position
9.6,3.3,6.1
scanner
1.5,6.28319
detections
8.49535,3.50465
8.99068,3.00932
9,2.19474
9.9,2.98391
9.9,3.24442
9.9,3.44312
9.9,3.85263
8.87749,4.06126
end
position
9.6,3.2,6.1
scanner
1.5,6.28319
detections
8.61809,3.38191
9,2.91376
9,2.09474
9.9,2.88391
9.9,3.14442
9.9,3.34312
9.9,3.75263
8.69686,4.15157
end
position
9.6,3.1,6.1
scanner
1.5,6.28319
detections
8.74083,3.25917
9,2.81376
9.9,2.78391
9.9,3.04442
9.9,3.24312
9.9,3.65263
end
position
9.6,3,6.1
scanner
1.5,6.28319
detections
8.86357,3.13643
9,2.71376
9.9,2.68391
9.9,2.94442
9.9,3.14312
9.9,3.55263
end
position
9.6,2.9,6.1
scanner
1.5,6.28319
detections
8.98631,3.01369
9,2.61376
9.9,2.58391
9.9,2.84442
9.9,3.04312
9.9,3.45263
end
position
9.6,2.8,6.1
scanner
1.5,6.28319
detections
9,2.91116
9,2.51376
9.9,2.48391
9.9,2.74442
9.9,2.94312
9.9,3.35263
end
position
9.6,2.7,6.1
scanner
1.5,6.28319
detections
9,2.81116
9,2.41376
9.9,2.38391
9.9,2.64442
9.9,2.84312
9.9,3.25263
end
position
9.6,2.6,6.1
scanner
1.5,6.28319
detections
9,2.71116
9,2.31376
9.9,2.28391
9.9,2.54442
9.9,2.74312
9.9,3.15263
end
position
9.6,2.5,6.1
scanner
1.5,6.28319
detections
9,2.61116
9,2.21376
9.9,2.18391
9.9,2.44442
9.9,2.64312
9.9,3.05263
end
position
9.6,2.4,6.1
scanner
1.5,6.28319
detections
9,2.51116
9,2.11376
9.9,2.08391
9.9,2.34442
9.9,2.54312
9.9,2.95263
end
position
9.6,2.3,6.1
scanner
1.5,6.28319
detections
9,2.41116
9,2.01376
9.9,1.98391
9.9,2.24442
9.9,2.44312
9.9,2.85263
9,2.93217
end
position
9.6,2.2,6.1
scanner
1.5,6.28319
detections
9,2.31116
8.83508,1.83508
9.9,1.88391
9.9,2.14442
9.9,2.34312
9.9,2.75263
9,2.83217
end
position
9.6,2.1,6.1
scanner
1.5,6.28319
detections
9,2.21116
8.64386,1.64386
9.9,1.78391
9.9,2.04442
9.9,2.24312
9.9,2.65263
9,2.73217
end
position
9.6,2,6.1
scanner
1.5,6.28319
detections
9,2.11116
8.45263,1.45263
9.9,1.68391
9.9,1.94442
9.9,2.14312
9.9,2.55263
9,2.63217
end
position
9.6,1.9,6.1
scanner
1.5,6.28319
detections
9,2.01116
8.2614,1.2614
9.9,1.58391
9.9,1.84442
9.9,2.04312
9.9,2.45263
9,2.53217
end
position
9.6,1.8,6.1
scanner
1.5,6.28319
detections
8.92504,1.92504
9.9,1.48391
9.9,1.74442
9.9,1.94312
9.9,2.35263
9,2.43217
end
position
9.6,1.7,6.1
scanner
1.5,6.28319
detections
8.84067,1.84067
9.9,1.38391
9.9,1.64442
9.9,1.84312
9.9,2.25263
9,2.33217
end
position
9.6,1.6,6.1
scanner
1.5,6.28319
detections
8.7563,1.7563
9.9,1.28391
9.9,1.54442
9.9,1.74312
9.9,2.15263
9,2.23217
end
position
9.6,1.5,6.1
scanner
1.5,6.28319
detections
8.67194,1.67194
9.78442,0.1
9.9,1.18391
9.9,1.44442
9.9,1.64312
9.9,2.05263
9,2.13217
end
position
9.6,1.4,6.1
scanner
1.5,6.28319
detections
8.58757,1.58757
8.89428,0.1
9.77125,0.1
9.9,1.08391
9.9,1.34442
9.9,1.54312
9.9,1.95263
9,2.03217
end
position
9.6,1.3,6.1
scanner
1.5,6.28319
detections
8.5032,1.5032
8.94857,0.1
9.75807,0.1
9.9,0.983913
9.9,1.24442
9.9,1.44312
9.9,1.85263
8.96697,1.96697
end
position
9.6,1.2,6.1
scanner
1.5,6.28319
detections
8.41883,1.41883
9.00285,0.1
9.7449,0.1
9.9,0.883913
9.9,1.14442
9.9,1.34312
9.9,1.75263
8.91828,1.91828
end
position
9.6,1.1,6.1
scanner
1.5,6.28319
detections
8.33446,1.33446
9.05714,0.1
9.73173,0.1
9.9,0.783913
9.9,1.04442
9.9,1.24312
9.9,1.65263
8.86958,1.86958
end
position
9.6,1,6.1
scanner
1.5,6.28319
detections
8.25009,1.25009
9.11143,0.1
9.71856,0.1
9.9,0.683913
9.9,0.944421
9.9,1.14312
9.9,1.55263
8.82089,1.82089
end
position
9.6,0.9,6.1
scanner
1.5,6.28319
detections
8.16572,1.16572
9.16571,0.1
9.70538,0.1
9.9,0.583913
9.9,0.844421
9.9,1.04312
9.9,1.45263
8.77219,1.77219
end
position
9.6,0.8,6.1
scanner
1.5,6.28319
detections
9.22,0.1
9.69221,0.1
9.9,0.483913
9.9,0.744421
9.9,0.94312
9.9,1.35263
8.7235,1.7235
end
position
9.6,0.7,6.1
scanner
1.5,6.28319
detections
8.34231,0.1
9.27428,0.1
9.67904,0.1
9.9,0.383913
9.9,0.644421
9.9,0.84312
9.9,1.25263
8.67481,1.67481
end
position
9.6,0.6,6.1
scanner
1.5,6.28319
detections
8.55193,0.1
9.32857,0.1
9.66586,0.1
9.9,0.283913
9.9,0.544421
9.9,0.74312
9.9,1.15263
8.62611,1.62611
end
position
9.6,0.5,6.1
scanner
1.5,6.28319
detections
8.76154,0.1
9.38286,0.1
9.65269,0.1
9.9,0.183913
9.9,0.444421
9.9,0.64312
9.9,1.05263
8.57742,1.57742
end
position
9.6,0.4,6.1
scanner
1.5,6.28319
detections
8.97116,0.1
9.43714,0.1
9.63952,0.1
9.88473,0.1
9.9,0.344421
9.9,0.54312
9.9,0.952629
end
position
9.6,0.5,6.1
scanner
1.5,6.28319
detections
8.76154,0.1
9.38286,0.1
9.65269,0.1
9.9,0.183913
9.9,0.444421
9.9,0.64312
9.9,1.05263
8.57742,1.57742
end
position
9.6,0.6,6.1
scanner
1.5,6.28319
detections
8.55193,0.1
9.32857,0.1
9.66586,0.1
9.9,0.283913
9.9,0.544421
9.9,0.74312
9.9,1.15263
8.62611,1.62611
end
position
9.6,0.7,6.1
scanner
1.5,6.28319
detections
8.34231,0.1
9.27428,0.1
9.67904,0.1
9.9,0.383913
9.9,0.644421
9.9,0.84312
9.9,1.25263
8.67481,1.67481
end
position
9.6,0.8,6.1
scanner
1.5,6.28319
detections
9.22,0.1
9.69221,0.1
9.9,0.483913
9.9,0.744421
9.9,0.94312
9.9,1.35263
8.7235,1.7235
end
position
9.6,0.9,6.1
scanner
1.5,6.28319
detections
8.16572,1.16572
9.16571,0.1
9.70538,0.1
9.9,0.583913
9.9,0.844421
9.9,1.04312
9.9,1.45263
8.77219,1.77219
end
position
9.6,1,6.1
scanner
1.5,6.28319
detections
8.25009,1.25009
9.11143,0.1
9.71856,0.1
9.9,0.683913
9.9,0.944421
9.9,1.14312
9.9,1.55263
8.82089,1.82089
end
position
9.6,1.1,6.1
scanner
1.5,6.28319
detections
8.33446,1.33446
9.05714,0.1
9.73173,0.1
9.9,0.783913
9.9,1.04442
9.9,1.24312
9.9,1.65263
8.86958,1.86958
end
position
9.6,1.2,6.1
scanner
1.5,6.28319
detections
8.41883,1.41883
9.00285,0.1
9.7449,0.1
9.9,0.883913
9.9,1.14442
9.9,1.34312
9.9,1.75263
8.91828,1.91828
end
position
9.6,1.3,6.1
scanner
1.5,6.28319
detections
8.5032,1.5032
8.94857,0.1
9.75807,0.1
9.9,0.983913
9.9,1.24442
9.9,1.44312
9.9,1.85263
8.96697,1.96697
end
position
9.6,1.4,6.1
scanner
1.5,6.28319
detections
8.58757,1.58757
8.89428,0.1
9.77125,0.1
9.9,1.08391
9.9,1.34442
9.9,1.54312
9.9,1.95263
9,2.03217
end
position
9.6,1.5,6.1
scanner
1.5,6.28319
detections
8.67194,1.67194
9.78442,0.1
9.9,1.18391
9.9,1.44442
9.9,1.64312
9.9,2.05263
9,2.13217
end
position
9.6,1.6,6.1
scanner
1.5,6.28319
detections
8.7563,1.7563
9.9,1.28391
9.9,1.54442
9.9,1.74312
9.9,2.15263
9,2.23217
end
position
9.6,1.7,6.1
scanner
1.5,6.28319
detections
8.84067,1.84067
9.9,1.38391
9.9,1.64442
9.9,1.84312
9.9,2.25263
9,2.33217
end
position
9.6,1.8,6.1
scanner
1.5,6.28319
detections
8.92504,1.92504
9.9,1.48391
9.9,1.74442
9.9,1.94312
9.9,2.35263
9,2.43217
end
position
9.6,1.9,6.1
scanner
1.5,6.28319
detections
9,2.01116
8.2614,1.2614
9.9,1.58391
9.9,1.84442
9.9,2.04312
9.9,2.45263
9,2.53217
end
position
9.6,2,6.1
scanner
1.5,6.28319
detections
9,2.11116
8.45263,1.45263
9.9,1.68391
9.9,1.94442
9.9,2.14312
9.9,2.55263
9,2.63217
end
position
9.6,2.1,6.1
scanner
1.5,6.28319
detections
9,2.21116
8.64386,1.64386
9.9,1.78391
9.9,2.04442
9.9,2.24312
9.9,2.65263
9,2.73217
end
position
9.6,2.2,6.1
scanner
1.5,6.28319
detections
9,2.31116
8.83508,1.83508
9.9,1.88391
9.9,2.14442
9.9,2.34312
9.9,2.75263
9,2.83217
end
position
9.6,2.3,6.1
scanner
1.5,6.28319
detections
9,2.41116
9,2.01376
9.9,1.98391
9.9,2.24442
9.9,2.44312
9.9,2.85263
9,2.93217
end
position
9.6,2.4,6.1
scanner
1.5,6.28319
detections
9,2.51116
9,2.11376
9.9,2.08391
9.9,2.34442
9.9,2.54312
9.9,2.95263
end
position
9.6,2.5,6.1
scanner
1.5,6.28319
detections
9,2.61116
9,2.21376
9.9,2.18391
9.9,2.44442
9.9,2.64312
9.9,3.05263
end
position
9.6,2.6,6.1
scanner
1.5,6.28319
detections
9,2.71116
9,2.31376
9.9,2.28391
9.9,2.54442
9.9,2.74312
9.9,3.15263
end
position
9.6,2.7,6.1
scanner
1.5,6.28319
detections
9,2.81116
9,2.41376
9.9,2.38391
9.9,2.64442
9.9,2.84312
9.9,3.25263
end
position
9.6,2.8,6.1
scanner
1.5,6.28319
detections
9,2.91116
9,2.51376
9.9,2.48391
9.9,2.74442
9.9,2.94312
9.9,3.35263
end
position
9.6,2.9,6.1
scanner
1.5,6.28319
detections
8.98631,3.01369
9,2.61376
9.9,2.58391
9.9,2.84442
9.9,3.04312
9.9,3.45263
end
position
9.6,3,6.1
scanner
1.5,6.28319
detections
8.86357,3.13643
9,2.71376
9.9,2.68391
9.9,2.94442
9.9,3.14312
9.9,3.55263
end
position
9.6,3.1,6.1
scanner
1.5,6.28319
detections
8.74083,3.25917
9,2.81376
9.9,2.78391
9.9,3.04442
9.9,3.24312
9.9,3.65263
end
position
9.6,3.2,6.1
scanner
1.5,6.28319
detections
8.61809,3.38191
9,2.91376
9,2.09474
9.9,2.88391
9.9,3.14442
9.9,3.34312
9.9,3.75263
8.69686,4.15157
end
position
9.6,3.3,6.1
scanner
1.5,6.28319
detections
8.49535,3.50465
8.99068,3.00932
9,2.19474
9.9,2.98391
9.9,3.24442
9.9,3.44312
9.9,3.85263
8.87749,4.06126
end
position
9.6,3.4,6.1
scanner
1.5,6.28319
detections
8.37261,3.62739
8.92298,3.07702
9,2.29474
9.9,3.08391
9.9,3.34442
9.9,3.54312
9.9,3.95263
8.98908,4.04368
end
position
9.6,3.5,6.1
scanner
1.5,6.28319
detections
8.24987,3.75013
8.85528,3.14472
9,2.39474
9.9,3.18391
9.9,3.44442
9.9,3.64312
9.9,4.05263
8.95514,4.17944
end
position
9.6,3.6,6.1
scanner
1.5,6.28319
detections
8.12713,3.87287
8.78758,3.21242
9,2.49474
9.9,3.28391
9.9,3.54442
9.9,3.74312
9.9,4.15263
8.9212,4.3152
end
position
9.6,3.7,6.1
scanner
1.5,6.28319
detections
8.71988,3.28012
9,2.59474
9.9,3.38391
9.9,3.64442
9.9,3.84312
9.9,4.25263
8.88726,4.45096
end
position
9.6,3.8,6.1
scanner
1.5,6.28319
detections
8.65218,3.34782
9,2.69474
9.9,3.48391
9.9,3.74442
9.9,3.94312
9.9,4.35263
8.85332,4.58672
end
position
9.6,3.9,6.1
scanner
1.5,6.28319
detections
8.99708,4.0117
8.58447,3.41553
9,2.79474
9.9,3.58391
9.9,3.84442
9.9,4.04312
9.9,4.45263
8.81938,4.72248
end
position
9.6,4,6.1
scanner
1.5,6.28319
detections
8.97086,4.11656
8.51677,3.48323
9,2.89474
9.9,3.68391
9.9,3.94442
9.9,4.14312
9.9,4.55263
8.78544,4.85824
end
position
9.6,4.1,6.1
scanner
1.5,6.28319
detections
8.94465,4.22141
8.44907,3.55093
9,2.99474
9.9,3.78391
9.9,4.04442
9.9,4.24312
9.9,4.65263
8.7515,4.994
end
position
9.6,4.2,6.1
scanner
1.5,6.28319
detections
8.91843,4.32627
8.38137,3.61863
8.96666,3.03334
9.9,3.88391
9.9,4.14442
9.9,4.34312
9.9,4.75263
8.71756,5.12976
end
position
9.6,4.3,6.1
scanner
1.5,6.28319
detections
8.89222,4.43113
8.99693,4.01229
8.93148,3.06852
9.9,3.98391
9.9,4.24442
9.9,4.44312
9.9,4.85263
8.68362,5.26552
end
position
9.6,4.4,6.1
scanner
1.5,6.28319
detections
8.866,4.53598
8.97459,4.10164
8.89629,3.10371
9.9,4.08391
9.9,4.34442
9.9,4.54312
9.9,4.95263
8.64968,5.40128
end
position
9.6,4.5,6.1
scanner
1.5,6.28319
detections
8.83979,4.64084
8.95225,4.19098
9.9,4.18391
9.9,4.44442
9.9,4.64312
9.9,5.05263
8.61574,5.53704
end
position
9.6,4.6,6.1
scanner
1.5,6.28319
detections
8.81358,4.74569
8.92992,4.28033
9.9,4.28391
9.9,4.54442
9.9,4.74312
9.9,5.15263
8.5818,5.6728
end
position
9.6,4.7,6.1
scanner
1.5,6.28319
detections
8.78736,4.85055
8.90758,4.36967
9.9,4.38391
9.9,4.64442
9.9,4.84312
9.9,5.25263
end
position
9.6,4.8,6.1
scanner
1.5,6.28319
detections
8.76115,4.95541
8.88525,4.45901
9.9,4.48391
9.9,4.74442
9.9,4.94312
9.9,5.35263
end
position
9.6,4.9,6.1
scanner
1.5,6.28319
detections
8.73493,5.06026
8.86291,4.54836
9.9,4.58391
9.9,4.84442
9.9,5.04312
9.9,5.45263
end
position
9.6,5,6.1
scanner
1.5,6.28319
detections
8.70872,5.16512
8.84057,4.6377
9.9,4.68391
9.9,4.94442
9.9,5.14312
9.9,5.55263
end
position
9.6,5.1,6.1
scanner
1.5,6.28319
detections
8.68251,5.26998
8.81824,4.72705
9.9,4.78391
9.9,5.04442
9.9,5.24312
9.9,5.65263
end
position
9.6,5.2,6.1
scanner
1.5,6.28319
detections
8.65629,5.37483
8.7959,4.81639
8.98378,4.06487
9.9,4.88391
9.9,5.14442
9.9,5.34312
9.9,5.75263
end
position
9.6,5.3,6.1
scanner
1.5,6.28319
detections
8.63008,5.47969
8.77357,4.90574
8.96667,4.13334
9.9,4.98391
9.9,5.24442
9.9,5.44312
9.9,5.85263
end
position
9.6,5.4,6.1
scanner
1.5,6.28319
detections
8.60386,5.58455
8.75123,4.99508
8.94955,4.20181
9.9,5.08391
9.9,5.34442
9.9,5.54312
9.9,5.95263
end
position
9.6,5.5,6.1
scanner
1.5,6.28319
detections
8.57765,5.6894
8.72889,5.08442
8.93243,4.27027
9.9,5.18391
9.9,5.44442
9.9,5.64312
9.9,6.05263
end
position
9.6,5.6,6.1
scanner
1.5,6.28319
detections
8.55144,5.79426
8.70656,5.17377
8.91531,4.33874
9.9,5.28391
9.9,5.54442
9.9,5.74312
9.9,6.15263
end
position
9.6,5.7,6.1
scanner
1.5,6.28319
detections
8.52522,5.89912
8.68422,5.26311
8.8982,4.40721
9.9,5.38391
9.9,5.64442
9.9,5.84312
9.9,6.25263
end
position
9.6,5.8,6.1
scanner
1.5,6.28319
detections
8.49901,6.00397
8.66189,5.35246
9.9,5.48391
9.9,5.74442
9.9,5.94312
9.9,6.35263
end
position
9.6,5.9,6.1
scanner
1.5,6.28319
detections
8.47279,6.10883
8.63955,5.4418
9.9,5.58391
9.9,5.84442
9.9,6.04312
9.9,6.45263
end
position
9.6,6,6.1
scanner
1.5,6.28319
detections
8.44658,6.21369
8.61721,5.53115
9.9,5.68391
9.9,5.94442
9.9,6.14312
9.9,6.55263
end
position
9.6,6.1,6.1
scanner
1.5,6.28319
detections
8.42036,6.31854
8.59488,5.62049
9.9,5.78391
9.9,6.04442
9.9,6.24312
9.9,6.65263
end
position
9.6,6.2,6.1
scanner
1.5,6.28319
detections
8.39415,6.4234
8.57254,5.70983
9.9,5.88391
9.9,6.14442
9.9,6.34312
9.9,6.75263
end
position
9.6,6.3,6.1
scanner
1.5,6.28319
detections
8.36794,6.52825
8.55021,5.79918
9.9,5.98391
9.9,6.24442
9.9,6.44312
9.9,6.85263
end
position
9.6,6.4,6.1
scanner
1.5,6.28319
detections
8.34172,6.63311
8.52787,5.88852
9.9,6.08391
9.9,6.34442
9.9,6.54312
9.9,6.95263
end
position
9.6,6.5,6.1
scanner
1.5,6.28319
detections
8.31551,6.73797
8.50553,5.97787
9.9,6.18391
9.9,6.44442
9.9,6.64312
9.9,7.05263
end
position
9.6,6.6,6.1
scanner
1.5,6.28319
detections
8.28929,6.84282
8.4832,6.06721
9.9,6.28391
9.9,6.54442
9.9,6.74312
9.9,7.15263
end
position
9.6,6.7,6.1
scanner
1.5,6.28319
detections
8.26308,6.94768
8.46086,6.15655
9.9,6.38391
9.9,6.64442
9.9,6.84312
9.9,7.25263
end
position
9.6,6.8,6.1
scanner
1.5,6.28319
detections
8.23687,7.05254
8.43853,6.2459
9.9,6.48391
9.9,6.74442
9.9,6.94312
9.9,7.35263
end
position
9.6,6.9,6.1
scanner
1.5,6.28319
detections
8.21065,7.15739
8.41619,6.33524
9.9,6.58391
9.9,6.84442
9.9,7.04312
9.9,7.45263
end
position
9.6,7,6.1
scanner
1.5,6.28319
detections
8.18444,7.26225
8.39385,6.42459
9.9,6.68391
9.9,6.94442
9.9,7.14312
9.9,7.55263
end
position
9.6,7.1,6.1
scanner
1.5,6.28319
detections
8.15822,7.36711
8.37152,6.51393
9.9,6.78391
9.9,7.04442
9.9,7.24312
9.9,7.65263
end
position
9.6,7.2,6.1
scanner
1.5,6.28319
detections
8.13201,7.47196
8.34918,6.60328
9.9,6.88391
9.9,7.14442
9.9,7.34312
9.9,7.75263
end
position
9.6,7.3,6.1
scanner
1.5,6.28319
detections
8.32684,6.69262
9.9,6.98391
9.9,7.24442
9.9,7.44312
9.9,7.85263
end
position
9.6,7.4,6.1
scanner
1.5,6.28319
detections
8.30451,6.78196
9.9,7.08391
9.9,7.34442
9.9,7.54312
9.9,7.95263
end
position
9.6,7.5,6.1
scanner
1.5,6.28319
detections
8.28217,6.87131
9.9,7.18391
9.9,7.44442
9.9,7.64312
9.9,8.05263
end
position
9.6,7.6,6.1
scanner
1.5,6.28319
detections
8.25984,6.96065
9.9,7.28391
9.9,7.54442
9.9,7.74312
9.9,8.15263
end
position
9.6,7.7,6.1
scanner
1.5,6.28319
detections
9.9,7.38391
9.9,7.64442
9.9,7.84312
9.9,8.25263
end
position
9.6,7.8,6.1
scanner
1.5,6.28319
detections
9.9,7.48391
9.9,7.74442
9.9,7.94312
9.9,8.35263
end
position
9.6,7.9,6.1
scanner
1.5,6.28319
detections
9.9,7.58391
9.9,7.84442
9.9,8.04312
9.9,8.45263
end
position
9.6,8,6.1
scanner
1.5,6.28319
detections
9.9,7.68391
9.9,7.94442
9.9,8.14312
9.9,8.55263
end
position
9.6,8.1,6.1
scanner
1.5,6.28319
detections
9.9,7.78391
9.9,8.04442
9.9,8.24312
9.9,8.65263
end
position
9.6,8.2,6.1
scanner
1.5,6.28319
detections
9.9,7.88391
9.9,8.14442
9.9,8.34312
9.9,8.75263
end
position
9.6,8.3,6.1
scanner
1.5,6.28319
detections
9.9,7.98391
9.9,8.24442
9.9,8.44312
9.9,8.85263
end
position
9.6,8.4,6.1
scanner
1.5,6.28319
detections
9.9,8.08391
9.9,8.34442
9.9,8.54312
9.9,8.95263
end
position
9.6,8.5,6.1
scanner
1.5,6.28319
detections
9.9,8.18391
9.9,8.44442
9.9,8.64312
9.9,9.05263
9.41558,9.9
end
position
9.6,8.6,6.1
scanner
1.5,6.28319
detections
9.9,8.28391
9.9,8.54442
9.9,8.74312
9.9,9.15263
9.42875,9.9
end
position
9.6,8.7,6.1
scanner
1.5,6.28319
detections
9.9,8.38391
9.9,8.64442
9.9,8.84312
9.9,9.25263
9.44193,9.9
end
position
9.6,8.8,6.1
scanner
1.5,6.28319
detections
9.9,8.48391
9.9,8.74442
9.9,8.94312
9.9,9.35263
9.4551,9.9
end
position
9.6,8.9,6.1
scanner
1.5,6.28319
detections
9.9,8.58391
9.9,8.84442
9.9,9.04312
9.9,9.45263
9.46827,9.9
8.65089,9.9
end
position
9.6,9,6.1
scanner
1.5,6.28319
detections
9.9,8.68391
9.9,8.94442
9.9,9.14312
9.9,9.55263
9.48144,9.9
8.7458,9.9
end
position
9.6,9.1,6.1
scanner
1.5,6.28319
detections
9.9,8.78391
9.9,9.04442
9.9,9.24312
9.9,9.65263
9.49462,9.9
8.84072,9.9
end
position
9.6,9.2,6.1
scanner
1.5,6.28319
detections
9.9,8.88391
9.9,9.14442
9.9,9.34312
9.9,9.75263
9.50779,9.9
8.93563,9.9
end
position
9.6,9.3,6.1
scanner
1.5,6.28319
detections
9.9,8.98391
9.9,9.24442
9.9,9.44312
9.9,9.85263
9.52096,9.9
9.03054,9.9
end
position
9.6,9.4,6.1
scanner
1.5,6.28319
detections
9.9,9.08391
9.9,9.34442
9.9,9.54312
9.87143,9.9
9.53414,9.9
9.12545,9.9
end
position
9.6,9.5,6.1
scanner
1.5,6.28319
detections
9.9,9.18391
9.9,9.44442
9.9,9.64312
9.81714,9.9
9.54731,9.9
9.22036,9.9
end
